4.706125557422637939e-01
4.586395025253295898e-01
4.469671249389648438e-01
4.370232820510864258e-01
4.285402595996856689e-01
4.225303232669830322e-01
4.190120995044708252e-01
4.179626405239105225e-01
4.203324913978576660e-01
4.262841045856475830e-01
4.334665834903717041e-01
4.430837035179138184e-01
4.545505344867706299e-01
4.657287895679473877e-01
4.759881496429443359e-01
4.860426783561706543e-01
4.959000647068023682e-01
5.035729408264160156e-01
5.093473196029663086e-01
5.142443180084228516e-01
5.185084342956542969e-01
5.215424299240112305e-01
5.231512188911437988e-01
5.238623619079589844e-01
5.235413908958435059e-01
5.220103859901428223e-01
5.199837088584899902e-01
5.161666870117187500e-01
5.120592117309570312e-01
5.063969492912292480e-01
4.994561374187469482e-01
4.912744164466857910e-01
4.816045761108398438e-01
4.713284075260162354e-01
4.595818519592285156e-01
4.483831226825714111e-01
4.381962120532989502e-01
4.288911521434783936e-01
4.220022857189178467e-01
4.172119796276092529e-01
4.141429662704467773e-01
4.152367711067199707e-01
4.194705188274383545e-01
4.254939854145050049e-01
4.333352446556091309e-01
4.430119991302490234e-01
4.543750584125518799e-01
4.659644663333892822e-01
4.661492705345153809e-01
4.536878764629364014e-01
4.423843026161193848e-01
4.326533079147338867e-01
4.249764382839202881e-01
4.195269346237182617e-01
4.173481762409210205e-01
4.185039699077606201e-01
4.238696098327636719e-01
4.316781759262084961e-01
4.415564239025115967e-01
4.545687139034271240e-01
4.678765535354614258e-01
4.800144135951995850e-01
4.925369620323181152e-01
5.045028328895568848e-01
5.146828889846801758e-01
5.227957963943481445e-01
5.296393632888793945e-01
5.353536605834960938e-01
5.398834347724914551e-01
5.429649949073791504e-01
5.448335409164428711e-01
5.455868244171142578e-01
5.454663634300231934e-01
5.441967844963073730e-01
5.416822433471679688e-01
5.379264354705810547e-01
5.332844853401184082e-01
5.268698930740356445e-01
5.195721387863159180e-01
5.102986693382263184e-01
4.993638992309570312e-01
4.878911375999450684e-01
4.751257598400115967e-01
4.611536860466003418e-01
4.485615491867065430e-01
4.370854794979095459e-01
4.271835088729858398e-01
4.200606644153594971e-01
4.151228070259094238e-01
4.139089286327362061e-01
4.163629412651062012e-01
4.216501712799072266e-01
4.292944073677062988e-01
4.387142360210418701e-01
4.503757357597351074e-01
4.619865417480468750e-01
4.611580371856689453e-01
4.489466845989227295e-01
4.379360675811767578e-01
4.284949600696563721e-01
4.215389192104339600e-01
4.176640510559082031e-01
4.172537624835968018e-01
4.207832813262939453e-01
4.282329380512237549e-01
4.383420050144195557e-01
4.515157639980316162e-01
4.666184186935424805e-01
4.807213246822357178e-01
4.948901534080505371e-01
5.087701678276062012e-01
5.213107466697692871e-01
5.318939685821533203e-01
5.413433313369750977e-01
5.491767525672912598e-01
5.550671815872192383e-01
5.595390200614929199e-01
5.626600384712219238e-01
5.646617412567138672e-01
5.659083127975463867e-01
5.653877258300781250e-01
5.633696317672729492e-01
5.604526400566101074e-01
5.570254921913146973e-01
5.521741509437561035e-01
5.455527901649475098e-01
5.373988151550292969e-01
5.274240374565124512e-01
5.161662697792053223e-01
5.036887526512145996e-01
4.901376664638519287e-01
4.751231372356414795e-01
4.601326882839202881e-01
4.459074437618255615e-01
4.336746335029602051e-01
4.239428639411926270e-01
4.172230958938598633e-01
4.132235348224639893e-01
4.134229123592376709e-01
4.176717698574066162e-01
4.250840246677398682e-01
4.342784285545349121e-01
4.459077417850494385e-01
4.578461945056915283e-01
4.572088420391082764e-01
4.449810683727264404e-01
4.338093101978302002e-01
4.248532354831695557e-01
4.184756875038146973e-01
4.158294796943664551e-01
4.173063635826110840e-01
4.230477213859558105e-01
4.323925077915191650e-01
4.460308551788330078e-01
4.613530337810516357e-01
4.772391617298126221e-01
4.928801655769348145e-01
5.078321099281311035e-01
5.221342444419860840e-01
5.347571969032287598e-01
5.462260842323303223e-01
5.558117628097534180e-01
5.635482668876647949e-01
5.696175694465637207e-01
5.742265582084655762e-01
5.772169232368469238e-01
5.797629952430725098e-01
5.808882117271423340e-01
5.802823901176452637e-01
5.782856941223144531e-01
5.753458142280578613e-01
5.714881420135498047e-01
5.664518475532531738e-01
5.598166584968566895e-01
5.513896346092224121e-01
5.409483313560485840e-01
5.293375849723815918e-01
5.168015360832214355e-01
5.029280781745910645e-01
4.875314533710479736e-01
4.712716937065124512e-01
4.553636908531188965e-01
4.406087994575500488e-01
4.283500015735626221e-01
4.192146956920623779e-01
4.132927358150482178e-01
4.119171202182769775e-01
4.145998656749725342e-01
4.208206236362457275e-01
4.301061332225799561e-01
4.419209063053131104e-01
4.537630677223205566e-01
4.537729620933532715e-01
4.416446387767791748e-01
4.303542971611022949e-01
4.219758212566375732e-01
4.159529209136962891e-01
4.141346812248229980e-01
4.178667366504669189e-01
4.254939854145050049e-01
4.377505481243133545e-01
4.539846479892730713e-01
4.709180593490600586e-01
4.878154993057250977e-01
5.036783218383789062e-01
5.185387730598449707e-01
5.330082178115844727e-01
5.459852814674377441e-01
5.573596358299255371e-01
5.668655633926391602e-01
5.744538903236389160e-01
5.807825326919555664e-01
5.853769779205322266e-01
5.885320305824279785e-01
5.910432338714599609e-01
5.920891165733337402e-01
5.918869972229003906e-01
5.901218056678771973e-01
5.871638655662536621e-01
5.828067064285278320e-01
5.775141119956970215e-01
5.706419348716735840e-01
5.622248649597167969e-01
5.517476797103881836e-01
5.397210717201232910e-01
5.269209742546081543e-01
5.135331749916076660e-01
4.983679652214050293e-01
4.820543527603149414e-01
4.653063714504241943e-01
4.487426280975341797e-01
4.337868690490722656e-01
4.218178689479827881e-01
4.139813482761383057e-01
4.107642769813537598e-01
4.124328792095184326e-01
4.176814854145050049e-01
4.262726008892059326e-01
4.380828440189361572e-01
4.504412710666656494e-01
4.504456520080566406e-01
4.386139810085296631e-01
4.275531768798828125e-01
4.192269146442413330e-01
4.139915704727172852e-01
4.134790599346160889e-01
4.189454913139343262e-01
4.288349449634552002e-01
4.433868229389190674e-01
4.614372253417968750e-01
4.794993996620178223e-01
4.965610802173614502e-01
5.120249390602111816e-01
5.273960232734680176e-01
5.420840978622436523e-01
5.549390316009521484e-01
5.662630200386047363e-01
5.756057500839233398e-01
5.832714438438415527e-01
5.895659327507019043e-01
5.942949056625366211e-01
5.978528261184692383e-01
6.001242995262145996e-01
6.011809706687927246e-01
6.011939048767089844e-01
5.993914604187011719e-01
5.960302352905273438e-01
5.918242931365966797e-01
5.861752033233642578e-01
5.785619020462036133e-01
5.700767636299133301e-01
5.599194169044494629e-01
5.480175018310546875e-01
5.352289080619812012e-01
5.220572352409362793e-01
5.078897476196289062e-01
4.920257627964019775e-01
4.745242595672607422e-01
4.564847350120544434e-01
4.396046102046966553e-01
4.249375760555267334e-01
4.151110947132110596e-01
4.101469218730926514e-01
4.105299413204193115e-01
4.151964187622070312e-01
4.232885241508483887e-01
4.348348975181579590e-01
4.475466310977935791e-01
4.481463730335235596e-01
4.360150396823883057e-01
4.247970581054687500e-01
4.168829023838043213e-01
4.124016463756561279e-01
4.134358167648315430e-01
4.205430448055267334e-01
4.322725832462310791e-01
4.489923119544982910e-01
4.683828949928283691e-01
4.871207177639007568e-01
5.034816861152648926e-01
5.189082622528076172e-01
5.344240069389343262e-01
5.487456321716308594e-01
5.613452792167663574e-01
5.723695755004882812e-01
5.815343260765075684e-01
5.896197557449340820e-01
5.960332751274108887e-01
6.011798381805419922e-01
6.050968766212463379e-01
6.074124574661254883e-01
6.084906458854675293e-01
6.080555915832519531e-01
6.063569784164428711e-01
6.030682921409606934e-01
5.986500978469848633e-01
5.927292108535766602e-01
5.847000479698181152e-01
5.757769942283630371e-01
5.659645795822143555e-01
5.546464323997497559e-01
5.419947504997253418e-01
5.289065241813659668e-01
5.154550075531005859e-01
4.999667406082153320e-01
4.828474223613739014e-01
4.640727341175079346e-01
4.453100860118865967e-01
4.291043579578399658e-01
4.170070290565490723e-01
4.100258648395538330e-01
4.095596373081207275e-01
4.130773246288299561e-01
4.205977916717529297e-01
4.316436350345611572e-01
4.441097676753997803e-01
4.461805820465087891e-01
4.331290423870086670e-01
4.224150180816650391e-01
4.153765738010406494e-01
4.116981327533721924e-01
4.136677086353302002e-01
4.224908947944641113e-01
4.365381300449371338e-01
4.550856947898864746e-01
4.752013981342315674e-01
4.938472211360931396e-01
5.094620585441589355e-01
5.248191952705383301e-01
5.398421883583068848e-01
5.536834001541137695e-01
5.658879876136779785e-01
5.766710042953491211e-01
5.862718224525451660e-01
5.945942401885986328e-01
6.015299558639526367e-01
6.069773435592651367e-01
6.110936403274536133e-01
6.137129068374633789e-01
6.147654652595520020e-01
6.138156056404113770e-01
6.121394634246826172e-01
6.089972853660583496e-01
6.039555668830871582e-01
5.976479649543762207e-01
5.895378589630126953e-01
5.804833769798278809e-01
5.704010128974914551e-01
5.590800642967224121e-01
5.471231341361999512e-01
5.340824127197265625e-01
5.204809904098510742e-01
5.057198405265808105e-01
4.891216158866882324e-01
4.713260233402252197e-01
4.516545236110687256e-01
4.335214495658874512e-01
4.197318553924560547e-01
4.112195968627929688e-01
4.089833199977874756e-01
4.117332696914672852e-01
4.189805984497070312e-01
4.297686517238616943e-01
4.415626525878906250e-01
4.440976381301879883e-01
4.316521584987640381e-01
4.213325381278991699e-01
4.149147570133209229e-01
4.118373394012451172e-01
4.146256744861602783e-01
4.248061478137969971e-01
4.405121505260467529e-01
4.607666134834289551e-01
4.814238846302032471e-01
4.997212290763854980e-01
5.147731304168701172e-01
5.294517874717712402e-01
5.439236760139465332e-01
5.571111440658569336e-01
5.686483383178710938e-01
5.800031423568725586e-01
5.899987220764160156e-01
5.986428260803222656e-01
6.057997345924377441e-01
6.116651296615600586e-01
6.159911155700683594e-01
6.189253330230712891e-01
6.200560927391052246e-01
6.191447973251342773e-01
6.172344684600830078e-01
6.135393381118774414e-01
6.081053614616394043e-01
6.013392806053161621e-01
5.929685831069946289e-01
5.836534500122070312e-01
5.731349587440490723e-01
5.621528625488281250e-01
5.502400994300842285e-01
5.371938943862915039e-01
5.239220857620239258e-01
5.096069574356079102e-01
4.939727783203125000e-01
4.768453836441040039e-01
4.573269784450531006e-01
4.379341304302215576e-01
4.226326942443847656e-01
4.131339788436889648e-01
4.093708097934722900e-01
4.111295044422149658e-01
4.176235198974609375e-01
4.280437827110290527e-01
4.399835169315338135e-01
4.432470798492431641e-01
4.313063323497772217e-01
4.210800230503082275e-01
4.148045778274536133e-01
4.124774038791656494e-01
4.165265560150146484e-01
4.280139207839965820e-01
4.452089369297027588e-01
4.658749401569366455e-01
4.857702851295471191e-01
5.027342438697814941e-01
5.174282193183898926e-01
5.318208336830139160e-01
5.451427698135375977e-01
5.568861365318298340e-01
5.686506032943725586e-01
5.800182819366455078e-01
5.905800461769104004e-01
6.002345681190490723e-01
6.081917881965637207e-01
6.143621206283569336e-01
6.191419959068298340e-01
6.223081946372985840e-01
6.237162947654724121e-01
6.233994960784912109e-01
6.207712888717651367e-01
6.160409450531005859e-01
6.098806262016296387e-01
6.030015945434570312e-01
5.940790772438049316e-01
5.836697220802307129e-01
5.723360776901245117e-01
5.609893202781677246e-01
5.489322543144226074e-01
5.370984673500061035e-01
5.249298810958862305e-01
5.114754438400268555e-01
4.974620342254638672e-01
4.811305999755859375e-01
4.619762301445007324e-01
4.422959387302398682e-01
4.261100590229034424e-01
4.149314761161804199e-01
4.100090265274047852e-01
4.109556972980499268e-01
4.165762960910797119e-01
4.267609119415283203e-01
4.386145770549774170e-01
4.428840279579162598e-01
4.313797056674957275e-01
4.214066565036773682e-01
4.153966605663299561e-01
4.141421616077423096e-01
4.191242754459381104e-01
4.317505061626434326e-01
4.500349164009094238e-01
4.701993763446807861e-01
4.886035025119781494e-01
5.040688514709472656e-01
5.178049802780151367e-01
5.302473902702331543e-01
5.416758060455322266e-01
5.530264973640441895e-01
5.642620325088500977e-01
5.749390125274658203e-01
5.860697627067565918e-01
5.966390371322631836e-01
6.060483455657958984e-01
6.142472624778747559e-01
6.202138662338256836e-01
6.236554384231567383e-01
6.252678632736206055e-01
6.247973442077636719e-01
6.218167543411254883e-01
6.159508228302001953e-01
6.089171171188354492e-01
6.007542610168457031e-01
5.900757312774658203e-01
5.786005258560180664e-01
5.669655203819274902e-01
5.551415085792541504e-01
5.441027879714965820e-01
5.333589911460876465e-01
5.224628448486328125e-01
5.111344456672668457e-01
4.988004267215728760e-01
4.840916097164154053e-01
4.658731818199157715e-01
4.466378390789031982e-01
4.298141598701477051e-01
4.178070425987243652e-01
4.116174280643463135e-01
4.114908277988433838e-01
4.167627096176147461e-01
4.267112612724304199e-01
4.376827776432037354e-01
4.431048929691314697e-01
4.325614869594573975e-01
4.226772785186767578e-01
4.172639250755310059e-01
4.167843759059906006e-01
4.228327274322509766e-01
4.362330734729766846e-01
4.546388685703277588e-01
4.734485447406768799e-01
4.895589649677276611e-01
5.031471252441406250e-01
5.142934322357177734e-01
5.243756175041198730e-01
5.335465073585510254e-01
5.435747504234313965e-01
5.537513494491577148e-01
5.639135837554931641e-01
5.752439498901367188e-01
5.870531797409057617e-01
5.979283452033996582e-01
6.082960963249206543e-01
6.162522435188293457e-01
6.212624907493591309e-01
6.237129569053649902e-01
6.228023171424865723e-01
6.193177103996276855e-01
6.127423048019409180e-01
6.032656431198120117e-01
5.922615528106689453e-01
5.802628993988037109e-01
5.671246051788330078e-01
5.546802282333374023e-01
5.434334874153137207e-01
5.337035059928894043e-01
5.248281359672546387e-01
5.157513022422790527e-01
5.067585706710815430e-01
4.973838329315185547e-01
4.854672551155090332e-01
4.695661962032318115e-01
4.512662887573242188e-01
4.341691136360168457e-01
4.214754104614257812e-01
4.143902063369750977e-01
4.133090376853942871e-01
4.179979264736175537e-01
4.270774424076080322e-01
4.376325309276580811e-01
4.444682300090789795e-01
4.340504705905914307e-01
4.245783388614654541e-01
4.196469783782958984e-01
4.197427034378051758e-01
4.270557463169097900e-01
4.406945109367370605e-01
4.584608674049377441e-01
4.754450619220733643e-01
4.888629317283630371e-01
4.990961253643035889e-01
5.070005059242248535e-01
5.139630436897277832e-01
5.198343396186828613e-01
5.263649821281433105e-01
5.345069766044616699e-01
5.443727374076843262e-01
5.558751225471496582e-01
5.691504478454589844e-01
5.824273228645324707e-01
5.952609181404113770e-01
6.063944101333618164e-01
6.144043803215026855e-01
6.183880567550659180e-01
6.178067326545715332e-01
6.133231520652770996e-01
6.042773127555847168e-01
5.913057327270507812e-01
5.769425034523010254e-01
5.620290637016296387e-01
5.475927591323852539e-01
5.346823930740356445e-01
5.241605043411254883e-01
5.166673660278320312e-01
5.110142230987548828e-01
5.057891607284545898e-01
4.998055398464202881e-01
4.934344589710235596e-01
4.845357239246368408e-01
4.718048870563507080e-01
4.557639360427856445e-01
4.399744272232055664e-01
4.266576170921325684e-01
4.182173013687133789e-01
4.162997901439666748e-01
4.195671379566192627e-01
4.280679821968078613e-01
4.388740956783294678e-01
4.458339512348175049e-01
4.350852072238922119e-01
4.266993999481201172e-01
4.229654371738433838e-01
4.235951602458953857e-01
4.314119517803192139e-01
4.456519782543182373e-01
4.616487026214599609e-01
4.757433533668518066e-01
4.863220751285552979e-01
4.930260181427001953e-01
4.982529282569885254e-01
5.013760328292846680e-01
5.041016340255737305e-01
5.066587328910827637e-01
5.106632113456726074e-01
5.179422497749328613e-01
5.288780331611633301e-01
5.431240797042846680e-01
5.598886609077453613e-01
5.770395994186401367e-01
5.926193594932556152e-01
6.045023798942565918e-01
6.105406284332275391e-01
6.108384728431701660e-01
6.040433645248413086e-01
5.907392501831054688e-01
5.733554959297180176e-01
5.546856522560119629e-01
5.366017222404479980e-01
5.213214159011840820e-01
5.094234347343444824e-01
5.014623999595642090e-01
4.972971379756927490e-01
4.954086542129516602e-01
4.938059747219085693e-01
4.921554028987884521e-01
4.895334839820861816e-01
4.832345247268676758e-01
4.731411039829254150e-01
4.598207771778106689e-01
4.454597234725952148e-01
4.324600100517272949e-01
4.234119653701782227e-01
4.204233288764953613e-01
4.222514033317565918e-01
4.295157194137573242e-01
4.398887455463409424e-01
4.476202428340911865e-01
4.372173547744750977e-01
4.300422072410583496e-01
4.271646440029144287e-01
4.284943640232086182e-01
4.367663562297821045e-01
4.504944980144500732e-01
4.646160900592803955e-01
4.764842987060546875e-01
4.841699302196502686e-01
4.883021414279937744e-01
4.903099834918975830e-01
4.897583723068237305e-01
4.878823757171630859e-01
4.866628944873809814e-01
4.874122440814971924e-01
4.917172789573669434e-01
5.013098120689392090e-01
5.158970952033996582e-01
5.352060198783874512e-01
5.569536685943603516e-01
5.775819420814514160e-01
5.932285189628601074e-01
6.019660234451293945e-01
6.023786067962646484e-01
5.925148725509643555e-01
5.752286314964294434e-01
5.536894202232360840e-01
5.312164425849914551e-01
5.110597014427185059e-01
4.955534934997558594e-01
4.847780168056488037e-01
4.801208078861236572e-01
4.793951809406280518e-01
4.813560843467712402e-01
4.833618998527526855e-01
4.854953289031982422e-01
4.853439629077911377e-01
4.825097620487213135e-01
4.753615260124206543e-01
4.645614624023437500e-01
4.515391588211059570e-01
4.387797117233276367e-01
4.293481409549713135e-01
4.252807497978210449e-01
4.265165627002716064e-01
4.318653047084808350e-01
4.406130313873291016e-01
4.488286972045898438e-01
4.401528239250183105e-01
4.343135654926300049e-01
4.315434396266937256e-01
4.340333342552185059e-01
4.432887732982635498e-01
4.564144909381866455e-01
4.689765274524688721e-01
4.784002900123596191e-01
4.829361438751220703e-01
4.839999079704284668e-01
4.814196527004241943e-01
4.778260290622711182e-01
4.728847742080688477e-01
4.685879349708557129e-01
4.661880731582641602e-01
4.688241779804229736e-01
4.785980284214019775e-01
4.940960407257080078e-01
5.139031410217285156e-01
5.377973318099975586e-01
5.627825260162353516e-01
5.835193395614624023e-01
5.954807400703430176e-01
5.961456298828125000e-01
5.831061005592346191e-01
5.619120001792907715e-01
5.376118421554565430e-01
5.129061937332153320e-01
4.922158420085906982e-01
4.762390553951263428e-01
4.665618240833282471e-01
4.631207883358001709e-01
4.645572006702423096e-01
4.681828022003173828e-01
4.723803102970123291e-01
4.770118892192840576e-01
4.809765815734863281e-01
4.821309149265289307e-01
4.788795709609985352e-01
4.709932208061218262e-01
4.592204093933105469e-01
4.465469419956207275e-01
4.358320534229278564e-01
4.308009147644042969e-01
4.311047494411468506e-01
4.353504180908203125e-01
4.426494836807250977e-01
4.512911438941955566e-01
4.436833858489990234e-01
4.383374452590942383e-01
4.363979399204254150e-01
4.400039911270141602e-01
4.505338966846466064e-01
4.633430540561676025e-01
4.750225543975830078e-01
4.821482300758361816e-01
4.827279448509216309e-01
4.782371819019317627e-01
4.709173440933227539e-01
4.638520777225494385e-01
4.578263461589813232e-01
4.514093697071075439e-01
4.487577974796295166e-01
4.520728290081024170e-01
4.618488848209381104e-01
4.777165055274963379e-01
4.972949028015136719e-01
5.218465924263000488e-01
5.504703521728515625e-01
5.773576498031616211e-01
5.940781831741333008e-01
5.953292250633239746e-01
5.790994167327880859e-01
5.532757639884948730e-01
5.251713991165161133e-01
4.998017251491546631e-01
4.803261458873748779e-01
4.647160172462463379e-01
4.531863927841186523e-01
4.483082294464111328e-01
4.493772089481353760e-01
4.542998075485229492e-01
4.603050947189331055e-01
4.675334095954895020e-01
4.755100011825561523e-01
4.814970493316650391e-01
4.829065799713134766e-01
4.777602553367614746e-01
4.668392837047576904e-01
4.551429748535156250e-01
4.434395730495452881e-01
4.368691742420196533e-01
4.361859261989593506e-01
4.386932253837585449e-01
4.454464614391326904e-01
4.545439481735229492e-01
4.476684331893920898e-01
4.430770874023437500e-01
4.421408176422119141e-01
4.470972120761871338e-01
4.580555260181427002e-01
4.712310433387756348e-01
4.823296666145324707e-01
4.870221018791198730e-01
4.836218357086181641e-01
4.733410179615020752e-01
4.625880718231201172e-01
4.542219638824462891e-01
4.462024867534637451e-01
4.396016299724578857e-01
4.378459453582763672e-01
4.446563422679901123e-01
4.552731215953826904e-01
4.680527746677398682e-01
4.861092865467071533e-01
5.114678144454956055e-01
5.442944169044494629e-01
5.775575041770935059e-01
5.995637774467468262e-01
6.009429097175598145e-01
5.814015865325927734e-01
5.502998232841491699e-01
5.183648467063903809e-01
4.926940202713012695e-01
4.748238623142242432e-01
4.612292647361755371e-01
4.482509195804595947e-01
4.391362071037292480e-01
4.395198822021484375e-01
4.465087056159973145e-01
4.537391960620880127e-01
4.618994593620300293e-01
4.731551706790924072e-01
4.837392568588256836e-01
4.882527291774749756e-01
4.854628741741180420e-01
4.753968417644500732e-01
4.629030227661132812e-01
4.513948261737823486e-01
4.435713589191436768e-01
4.418362081050872803e-01
4.428767263889312744e-01
4.488568305969238281e-01
4.578793346881866455e-01
4.514076411724090576e-01
4.477486908435821533e-01
4.484268128871917725e-01
4.546313285827636719e-01
4.662989974021911621e-01
4.802594780921936035e-01
4.911883771419525146e-01
4.943906962871551514e-01
4.880020618438720703e-01
4.749558269977569580e-01
4.637617468833923340e-01
4.569975733757019043e-01
4.489882588386535645e-01
4.400924444198608398e-01
4.390474557876586914e-01
4.514746069908142090e-01
4.648995399475097656e-01
4.733334481716156006e-01
4.882911443710327148e-01
5.130386948585510254e-01
5.475811362266540527e-01
5.850727558135986328e-01
6.102983355522155762e-01
6.124113798141479492e-01
5.902774930000305176e-01
5.558092594146728516e-01
5.228494405746459961e-01
4.975124895572662354e-01
4.813891053199768066e-01
4.726743698120117188e-01
4.594773054122924805e-01
4.454807043075561523e-01
4.452316462993621826e-01
4.541944265365600586e-01
4.614309668540954590e-01
4.676073193550109863e-01
4.784624576568603516e-01
4.913247525691986084e-01
4.974097907543182373e-01
4.953290820121765137e-01
4.855326116085052490e-01
4.717728793621063232e-01
4.594097435474395752e-01
4.505700469017028809e-01
4.472830891609191895e-01
4.476114809513092041e-01
4.522151947021484375e-01
4.612135887145996094e-01
4.554877281188964844e-01
4.521574079990386963e-01
4.541639983654022217e-01
4.620431363582611084e-01
4.747570157051086426e-01
4.902645945549011230e-01
5.026726722717285156e-01
5.064674615859985352e-01
5.002315640449523926e-01
4.887807667255401611e-01
4.801523685455322266e-01
4.767922163009643555e-01
4.709914028644561768e-01
4.615874886512756348e-01
4.617226123809814453e-01
4.773364067077636719e-01
4.907031357288360596e-01
4.960369765758514404e-01
5.090317726135253906e-01
5.312651991844177246e-01
5.609352588653564453e-01
5.969389081001281738e-01
6.230763792991638184e-01
6.258459091186523438e-01
6.039642691612243652e-01
5.710066556930541992e-01
5.418938994407653809e-01
5.178552865982055664e-01
5.028119087219238281e-01
4.975849688053131104e-01
4.859437942504882812e-01
4.717660844326019287e-01
4.713281989097595215e-01
4.801039397716522217e-01
4.859888553619384766e-01
4.889624118804931641e-01
4.959001541137695312e-01
5.057882070541381836e-01
5.108834505081176758e-01
5.075145363807678223e-01
4.966495335102081299e-01
4.811512231826782227e-01
4.673485755920410156e-01
4.573918581008911133e-01
4.524933099746704102e-01
4.514423012733459473e-01
4.558196961879730225e-01
4.642894268035888672e-01
4.591598808765411377e-01
4.566035270690917969e-01
4.596470892429351807e-01
4.687060117721557617e-01
4.834416806697845459e-01
5.004994869232177734e-01
5.155702233314514160e-01
5.226904749870300293e-01
5.205997228622436523e-01
5.146926641464233398e-01
5.102563500404357910e-01
5.083526372909545898e-01
5.057186484336853027e-01
5.012508034706115723e-01
5.031068921089172363e-01
5.138925909996032715e-01
5.236083865165710449e-01
5.296580791473388672e-01
5.405682325363159180e-01
5.573938488960266113e-01
5.801780819892883301e-01
6.104952096939086914e-01
6.334822773933410645e-01
6.360803842544555664e-01
6.176045536994934082e-01
5.901013016700744629e-01
5.668625831604003906e-01
5.482254028320312500e-01
5.347674489021301270e-01
5.288006663322448730e-01
5.209286212921142578e-01
5.105611085891723633e-01
5.089169740676879883e-01
5.145571231842041016e-01
5.187916755676269531e-01
5.199096202850341797e-01
5.233901739120483398e-01
5.271442532539367676e-01
5.272718667984008789e-01
5.203487277030944824e-01
5.067819952964782715e-01
4.897961914539337158e-01
4.745315015316009521e-01
4.632953107357025146e-01
4.572801291942596436e-01
4.554563462734222412e-01
4.594027400016784668e-01
4.667748808860778809e-01
4.621788561344146729e-01
4.608309268951416016e-01
4.651390016078948975e-01
4.753494858741760254e-01
4.905974268913269043e-01
5.096189379692077637e-01
5.275737047195434570e-01
5.391467213630676270e-01
5.436458587646484375e-01
5.440455079078674316e-01
5.432279109954833984e-01
5.427286028861999512e-01
5.428653955459594727e-01
5.413467884063720703e-01
5.437913537025451660e-01
5.492501258850097656e-01
5.557122230529785156e-01
5.622642636299133301e-01
5.706480145454406738e-01
5.815230607986450195e-01
5.985308885574340820e-01
6.220309138298034668e-01
6.412328481674194336e-01
6.437439918518066406e-01
6.285282969474792480e-01
6.061998009681701660e-01
5.885501503944396973e-01
5.766573548316955566e-01
5.671804547309875488e-01
5.594670176506042480e-01
5.536199212074279785e-01
5.491534471511840820e-01
5.473011136054992676e-01
5.494847297668457031e-01
5.510749816894531250e-01
5.510999560356140137e-01
5.512933731079101562e-01
5.495557785034179688e-01
5.441295504570007324e-01
5.326487421989440918e-01
5.156113505363464355e-01
4.970073103904724121e-01
4.802266061305999756e-01
4.681802392005920410e-01
4.613795280456542969e-01
4.590685665607452393e-01
4.622935354709625244e-01
4.691098034381866455e-01
4.653884172439575195e-01
4.643760919570922852e-01
4.692673981189727783e-01
4.796896576881408691e-01
4.957624077796936035e-01
5.168138742446899414e-01
5.372306108474731445e-01
5.534161329269409180e-01
5.637370347976684570e-01
5.696926712989807129e-01
5.727601647377014160e-01
5.740354657173156738e-01
5.748123526573181152e-01
5.756543278694152832e-01
5.776095986366271973e-01
5.803855061531066895e-01
5.851624011993408203e-01
5.902603268623352051e-01
5.947505831718444824e-01
6.011642217636108398e-01
6.132277846336364746e-01
6.314468979835510254e-01
6.466262936592102051e-01
6.488354206085205078e-01
6.362445950508117676e-01
6.181408166885375977e-01
6.053929328918457031e-01
5.989862680435180664e-01
5.939630270004272461e-01
5.883432626724243164e-01
5.832605361938476562e-01
5.804788470268249512e-01
5.792603492736816406e-01
5.793271660804748535e-01
5.790712833404541016e-01
5.776386260986328125e-01
5.751905441284179688e-01
5.690695047378540039e-01
5.584136843681335449e-01
5.425527095794677734e-01
5.233559012413024902e-01
5.029755234718322754e-01
4.850164353847503662e-01
4.722755551338195801e-01
4.646224677562713623e-01
4.615811705589294434e-01
4.641444981098175049e-01
4.708893001079559326e-01
4.673649668693542480e-01
4.669296741485595703e-01
4.723639488220214844e-01
4.825932085514068604e-01
4.992149770259857178e-01
5.213287472724914551e-01
5.436685085296630859e-01
5.634520053863525391e-01
5.784032344818115234e-01
5.890388488769531250e-01
5.960687994956970215e-01
6.003051400184631348e-01
6.024016141891479492e-01
6.038640737533569336e-01
6.049583554267883301e-01
6.066447496414184570e-01
6.094305515289306641e-01
6.105719208717346191e-01
6.100946068763732910e-01
6.126281023025512695e-01
6.218944787979125977e-01
6.372319459915161133e-01
6.501762270927429199e-01
6.519508361816406250e-01
6.414932012557983398e-01
6.259101629257202148e-01
6.157619357109069824e-01
6.122702360153198242e-01
6.114561557769775391e-01
6.105545163154602051e-01
6.077332496643066406e-01
6.054382920265197754e-01
6.044265627861022949e-01
6.039094328880310059e-01
6.021609902381896973e-01
5.984867215156555176e-01
5.925548672676086426e-01
5.824810862541198730e-01
5.678727030754089355e-01
5.493074059486389160e-01
5.280842185020446777e-01
5.066956877708435059e-01
4.887994229793548584e-01
4.753564596176147461e-01
4.670603573322296143e-01
4.639087319374084473e-01
4.656627774238586426e-01
4.729528725147247314e-01
4.694721698760986328e-01
4.693152606487274170e-01
4.740659892559051514e-01
4.845724999904632568e-01
5.004476308822631836e-01
5.231716632843017578e-01
5.470033884048461914e-01
5.684190392494201660e-01
5.866151452064514160e-01
6.008893251419067383e-01
6.113044023513793945e-01
6.179510354995727539e-01
6.215080022811889648e-01
6.231600642204284668e-01
6.235077381134033203e-01
6.240913867950439453e-01
6.233300566673278809e-01
6.202281117439270020e-01
6.163001060485839844e-01
6.166697740554809570e-01
6.251079440116882324e-01
6.398185491561889648e-01
6.517228484153747559e-01
6.535113453865051270e-01
6.438533663749694824e-01
6.296793818473815918e-01
6.199500560760498047e-01
6.171540617942810059e-01
6.196463108062744141e-01
6.232034564018249512e-01
6.232840418815612793e-01
6.226760149002075195e-01
6.215236186981201172e-01
6.202740669250488281e-01
6.174889802932739258e-01
6.112826466560363770e-01
6.021580100059509277e-01
5.890937447547912598e-01
5.726158618927001953e-01
5.526889562606811523e-01
5.301471948623657227e-01
5.086277723312377930e-01
4.907762110233306885e-01
4.767745435237884521e-01
4.684297740459442139e-01
4.656701385974884033e-01
4.673158228397369385e-01
4.743348658084869385e-01
4.711441695690155029e-01
4.705282151699066162e-01
4.747379124164581299e-01
4.848250448703765869e-01
5.000423789024353027e-01
5.220303535461425781e-01
5.460041761398315430e-01
5.687060952186584473e-01
5.888688564300537109e-01
6.054570674896240234e-01
6.180241107940673828e-01
6.264923810958862305e-01
6.314796209335327148e-01
6.337985396385192871e-01
6.336806416511535645e-01
6.316847801208496094e-01
6.269366741180419922e-01
6.196016669273376465e-01
6.136100292205810547e-01
6.145922541618347168e-01
6.238142848014831543e-01
6.384216547012329102e-01
6.500957012176513672e-01
6.519523859024047852e-01
6.429632306098937988e-01
6.287050247192382812e-01
6.181492209434509277e-01
6.151667833328247070e-01
6.183939576148986816e-01
6.248101592063903809e-01
6.294164061546325684e-01
6.310582160949707031e-01
6.308930516242980957e-01
6.291529536247253418e-01
6.246712803840637207e-01
6.169902682304382324e-01
6.059449315071105957e-01
5.910900235176086426e-01
5.726014375686645508e-01
5.517657995223999023e-01
5.295457839965820312e-01
5.089072585105895996e-01
4.912371933460235596e-01
4.774361848831176758e-01
4.695661962032318115e-01
4.667611718177795410e-01
4.683735966682434082e-01
4.751826226711273193e-01
4.719753563404083252e-01
4.710463285446166992e-01
4.747798740863800049e-01
4.842298924922943115e-01
4.983493089675903320e-01
5.192840695381164551e-01
5.426720976829528809e-01
5.657786130905151367e-01
5.872150063514709473e-01
6.045250296592712402e-01
6.182869672775268555e-01
6.284758448600769043e-01
6.341785192489624023e-01
6.364703774452209473e-01
6.352895498275756836e-01
6.302829384803771973e-01
6.219934225082397461e-01
6.118171811103820801e-01
6.055396795272827148e-01
6.082293391227722168e-01
6.189881563186645508e-01
6.327942609786987305e-01
6.444477438926696777e-01
6.470146179199218750e-01
6.385518908500671387e-01
6.238574981689453125e-01
6.120145320892333984e-01
6.074417233467102051e-01
6.097286939620971680e-01
6.174226403236389160e-01
6.253907084465026855e-01
6.302613615989685059e-01
6.320602297782897949e-01
6.305845975875854492e-01
6.249749660491943359e-01
6.166278719902038574e-01
6.047551631927490234e-01
5.889604687690734863e-01
5.694524049758911133e-01
5.481860041618347168e-01
5.264187455177307129e-01
5.065005421638488770e-01
4.906865954399108887e-01
4.770327806472778320e-01
4.702431261539459229e-01
4.680179953575134277e-01
4.689505994319915771e-01
4.753659367561340332e-01
4.719845950603485107e-01
4.709334075450897217e-01
4.742501080036163330e-01
4.828249812126159668e-01
4.958249926567077637e-01
5.148080587387084961e-01
5.375477671623229980e-01
5.603324770927429199e-01
5.819673538208007812e-01
5.993853807449340820e-01
6.137236356735229492e-01
6.241852045059204102e-01
6.299182176589965820e-01
6.316163539886474609e-01
6.290386319160461426e-01
6.216816902160644531e-01
6.105353236198425293e-01
5.997900962829589844e-01
5.950545668601989746e-01
5.997812151908874512e-01
6.102138161659240723e-01
6.226463913917541504e-01
6.335766911506652832e-01
6.367103457450866699e-01
6.284868121147155762e-01
6.147301197052001953e-01
6.032608151435852051e-01
5.980360507965087891e-01
5.987824201583862305e-01
6.056955456733703613e-01
6.150100231170654297e-01
6.220290064811706543e-01
6.262847185134887695e-01
6.256208419799804688e-01
6.204115748405456543e-01
6.114239096641540527e-01
5.986865162849426270e-01
5.825576186180114746e-01
5.635199546813964844e-01
5.430842638015747070e-01
5.220502018928527832e-01
5.031651854515075684e-01
4.882413148880004883e-01
4.755204319953918457e-01
4.697802066802978516e-01
4.681164920330047607e-01
4.688543379306793213e-01
4.753585755825042725e-01
4.721322059631347656e-01
4.709317684173583984e-01
4.738456308841705322e-01
4.805951118469238281e-01
4.925531148910522461e-01
5.096155405044555664e-01
5.310379862785339355e-01
5.528442859649658203e-01
5.729689598083496094e-01
5.906339883804321289e-01
6.049906611442565918e-01
6.151118874549865723e-01
6.205022931098937988e-01
6.215991377830505371e-01
6.179479956626892090e-01
6.086255311965942383e-01
5.964044928550720215e-01
5.860389471054077148e-01
5.826393961906433105e-01
5.856274366378784180e-01
5.938493013381958008e-01
6.061283946037292480e-01
6.166321635246276855e-01
6.188483238220214844e-01
6.107368469238281250e-01
5.991094112396240234e-01
5.894501805305480957e-01
5.851406455039978027e-01
5.860974192619323730e-01
5.918672084808349609e-01
6.012353301048278809e-01
6.095628142356872559e-01
6.148843765258789062e-01
6.155225634574890137e-01
6.115557551383972168e-01
6.025800108909606934e-01
5.899868607521057129e-01
5.745536684989929199e-01
5.558897256851196289e-01
5.364444851875305176e-01
5.169984102249145508e-01
4.987441599369049072e-01
4.845109581947326660e-01
4.742577373981475830e-01
4.692651927471160889e-01
4.675646424293518066e-01
4.681488871574401855e-01
4.748907387256622314e-01
4.721102118492126465e-01
4.709319770336151123e-01
4.729396998882293701e-01
4.786171317100524902e-01
4.886799156665802002e-01
5.040556192398071289e-01
5.234760046005249023e-01
5.437040328979492188e-01
5.631971359252929688e-01
5.795166492462158203e-01
5.931582450866699219e-01
6.028859019279479980e-01
6.082168817520141602e-01
6.082975864410400391e-01
6.034314036369323730e-01
5.944884419441223145e-01
5.833799839019775391e-01
5.730934739112854004e-01
5.671198368072509766e-01
5.659784674644470215e-01
5.708158016204833984e-01
5.821420550346374512e-01
5.920934081077575684e-01
5.939021706581115723e-01
5.865681171417236328e-01
5.766198039054870605e-01
5.698187351226806641e-01
5.688096880912780762e-01
5.727835893630981445e-01
5.792387127876281738e-01
5.881734490394592285e-01
5.965607166290283203e-01
6.013587117195129395e-01
6.025754809379577637e-01
5.994671583175659180e-01
5.913022756576538086e-01
5.792710185050964355e-01
5.645200014114379883e-01
5.472909808158874512e-01
5.290113091468811035e-01
5.108574628829956055e-01
4.939484596252441406e-01
4.810123443603515625e-01
4.724256098270416260e-01
4.687328040599822998e-01
4.669736325740814209e-01
4.674848616123199463e-01
4.741286337375640869e-01
4.709723591804504395e-01
4.700935184955596924e-01
4.718406498432159424e-01
4.762474298477172852e-01
4.850224256515502930e-01
4.987821578979492188e-01
5.159700512886047363e-01
5.339659452438354492e-01
5.526797175407409668e-01
5.677208304405212402e-01
5.803710818290710449e-01
5.891317725181579590e-01
5.936558246612548828e-01
5.937056541442871094e-01
5.892297625541687012e-01
5.821224451065063477e-01
5.737245082855224609e-01
5.643069744110107422e-01
5.551887750625610352e-01
5.486720204353332520e-01
5.485098361968994141e-01
5.573997497558593750e-01
5.668441057205200195e-01
5.684063434600830078e-01
5.622372031211853027e-01
5.538721680641174316e-01
5.510564446449279785e-01
5.557542443275451660e-01
5.635133981704711914e-01
5.716317892074584961e-01
5.785390734672546387e-01
5.843070745468139648e-01
5.879504084587097168e-01
5.888327956199645996e-01
5.858940482139587402e-01
5.783255696296691895e-01
5.676132440567016602e-01
5.539799928665161133e-01
5.377133488655090332e-01
5.207138061523437500e-01
5.040058493614196777e-01
4.885137379169464111e-01
4.777521193027496338e-01
4.705400168895721436e-01
4.675226211547851562e-01
4.662431180477142334e-01
4.674402773380279541e-01
4.738640785217285156e-01
4.705960750579833984e-01
4.691580235958099365e-01
4.695366919040679932e-01
4.735486507415771484e-01
4.814313650131225586e-01
4.935396611690521240e-01
5.092055201530456543e-01
5.249804258346557617e-01
5.418466925621032715e-01
5.560883879661560059e-01
5.674873590469360352e-01
5.754575729370117188e-01
5.793522596359252930e-01
5.792169570922851562e-01
5.766764283180236816e-01
5.730641484260559082e-01
5.675679445266723633e-01
5.600975751876831055e-01
5.505797266960144043e-01
5.411377549171447754e-01
5.375410318374633789e-01
5.420129299163818359e-01
5.473129749298095703e-01
5.484197139739990234e-01
5.456223487854003906e-01
5.421513915061950684e-01
5.430188775062561035e-01
5.500855445861816406e-01
5.597127079963684082e-01
5.671630501747131348e-01
5.717269182205200195e-01
5.738340020179748535e-01
5.755046606063842773e-01
5.751214027404785156e-01
5.720827579498291016e-01
5.656618475914001465e-01
5.564348101615905762e-01
5.433660149574279785e-01
5.281002521514892578e-01
5.129470229148864746e-01
4.975169003009796143e-01
4.832937121391296387e-01
4.743076562881469727e-01
4.684838056564331055e-01
4.659225940704345703e-01
4.654017686843872070e-01
4.661862850189208984e-01
4.730405807495117188e-01
4.698861539363861084e-01
4.674827754497528076e-01
4.676192402839660645e-01
4.710768163204193115e-01
4.776128828525543213e-01
4.879640042781829834e-01
5.017912387847900391e-01
5.166317820549011230e-01
5.315134525299072266e-01
5.450730919837951660e-01
5.557646155357360840e-01
5.621042847633361816e-01
5.652058124542236328e-01
5.657093524932861328e-01
5.652189850807189941e-01
5.645894408226013184e-01
5.622474551200866699e-01
5.574963092803955078e-01
5.499107241630554199e-01
5.414499044418334961e-01
5.368205904960632324e-01
5.373975634574890137e-01
5.379362702369689941e-01
5.387761592864990234e-01
5.394161343574523926e-01
5.402635931968688965e-01
5.427553057670593262e-01
5.496097207069396973e-01
5.577431321144104004e-01
5.628899931907653809e-01
5.650591254234313965e-01
5.645304322242736816e-01
5.639608502388000488e-01
5.625562667846679688e-01
5.592729449272155762e-01
5.537497401237487793e-01
5.452236533164978027e-01
5.332829952239990234e-01
5.196925997734069824e-01
5.059614181518554688e-01
4.920157790184020996e-01
4.789844453334808350e-01
4.706389605998992920e-01
4.655935466289520264e-01
4.637680649757385254e-01
4.633682668209075928e-01
4.647372364997863770e-01
4.727002382278442383e-01
4.687163233757019043e-01
4.659720063209533691e-01
4.655112028121948242e-01
4.685911834239959717e-01
4.742313027381896973e-01
4.827015697956085205e-01
4.949798882007598877e-01
5.087727308273315430e-01
5.219519734382629395e-01
5.352471470832824707e-01
5.451706051826477051e-01
5.504719018936157227e-01
5.525785088539123535e-01
5.534399151802062988e-01
5.538644790649414062e-01
5.541265010833740234e-01
5.540907382965087891e-01
5.524536371231079102e-01
5.477419495582580566e-01
5.412431955337524414e-01
5.362432599067687988e-01
5.356833934783935547e-01
5.361021757125854492e-01
5.363874435424804688e-01
5.373658537864685059e-01
5.385919213294982910e-01
5.412407517433166504e-01
5.465992093086242676e-01
5.520597696304321289e-01
5.548179745674133301e-01
5.553628802299499512e-01
5.539850592613220215e-01
5.524572730064392090e-01
5.507211089134216309e-01
5.477775931358337402e-01
5.431692004203796387e-01
5.353145599365234375e-01
5.249946117401123047e-01
5.121110677719116211e-01
4.986659586429595947e-01
4.859116077423095703e-01
4.743699729442596436e-01
4.673029184341430664e-01
4.623985290527343750e-01
4.607663452625274658e-01
4.615148901939392090e-01
4.640205204486846924e-01
4.722033441066741943e-01
4.679060876369476318e-01
4.644202888011932373e-01
4.633205235004425049e-01
4.661297500133514404e-01
4.708987772464752197e-01
4.778915941715240479e-01
4.882989823818206787e-01
5.013453960418701172e-01
5.139188766479492188e-01
5.264142751693725586e-01
5.363551974296569824e-01
5.415043234825134277e-01
5.428655743598937988e-01
5.419358015060424805e-01
5.409976840019226074e-01
5.407081842422485352e-01
5.403132438659667969e-01
5.398027896881103516e-01
5.371609926223754883e-01
5.329385399818420410e-01
5.303016901016235352e-01
5.303086042404174805e-01
5.302659869194030762e-01
5.305578708648681641e-01
5.320360660552978516e-01
5.332590937614440918e-01
5.344740152359008789e-01
5.376499891281127930e-01
5.402549505233764648e-01
5.414439439773559570e-01
5.415861606597900391e-01
5.407899022102355957e-01
5.405442118644714355e-01
5.403172373771667480e-01
5.390253663063049316e-01
5.347211956977844238e-01
5.270759463310241699e-01
5.170797109603881836e-01
5.049510598182678223e-01
4.922456145286560059e-01
4.795774519443511963e-01
4.695291817188262939e-01
4.633372426033020020e-01
4.598496258258819580e-01
4.591749608516693115e-01
4.598198831081390381e-01
4.627382457256317139e-01
4.709741473197937012e-01
4.670968055725097656e-01
4.635073542594909668e-01
4.618212282657623291e-01
4.636784791946411133e-01
4.671787023544311523e-01
4.727932214736938477e-01
4.820265471935272217e-01
4.947740137577056885e-01
5.073851346969604492e-01
5.193224549293518066e-01
5.294974446296691895e-01
5.349618196487426758e-01
5.351744890213012695e-01
5.322226285934448242e-01
5.285893678665161133e-01
5.258687734603881836e-01
5.237691402435302734e-01
5.230883955955505371e-01
5.211715698242187500e-01
5.192987322807312012e-01
5.185625553131103516e-01
5.195995569229125977e-01
5.195872783660888672e-01
5.195071697235107422e-01
5.201601982116699219e-01
5.202585458755493164e-01
5.202307105064392090e-01
5.213575959205627441e-01
5.229147672653198242e-01
5.236530303955078125e-01
5.247489809989929199e-01
5.273081660270690918e-01
5.301117897033691406e-01
5.321356058120727539e-01
5.323859453201293945e-01
5.284775495529174805e-01
5.203281044960021973e-01
5.101370811462402344e-01
4.982715249061584473e-01
4.857578575611114502e-01
4.743254482746124268e-01
4.655486643314361572e-01
4.602448344230651855e-01
4.579944610595703125e-01
4.577809572219848633e-01
4.584048688411712646e-01
4.610874354839324951e-01
4.701223671436309814e-01
4.661683142185211182e-01
4.627755582332611084e-01
4.603265821933746338e-01
4.610266983509063721e-01
4.635393619537353516e-01
4.676315784454345703e-01
4.752075076103210449e-01
4.872752130031585693e-01
4.999523758888244629e-01
5.122162699699401855e-01
5.230243206024169922e-01
5.289235115051269531e-01
5.290310978889465332e-01
5.259075760841369629e-01
5.199260115623474121e-01
5.135285854339599609e-01
5.080937743186950684e-01
5.043450593948364258e-01
5.020411014556884766e-01
5.010832548141479492e-01
5.017777085304260254e-01
5.039992928504943848e-01
5.052450895309448242e-01
5.049206614494323730e-01
5.046506524085998535e-01
5.032837986946105957e-01
5.019764900207519531e-01
5.026335120201110840e-01
5.039683580398559570e-01
5.060922503471374512e-01
5.095676183700561523e-01
5.163927078247070312e-01
5.222190618515014648e-01
5.254928469657897949e-01
5.260179042816162109e-01
5.219217538833618164e-01
5.137608051300048828e-01
5.035696029663085938e-01
4.912273883819580078e-01
4.791345894336700439e-01
4.687778651714324951e-01
4.613878130912780762e-01
4.569159746170043945e-01
4.558115601539611816e-01
4.557528793811798096e-01
4.568300843238830566e-01
4.596385657787322998e-01
4.693328440189361572e-01
4.648301899433135986e-01
4.612818360328674316e-01
4.584403932094573975e-01
4.580672681331634521e-01
4.600421786308288574e-01
4.630981385707855225e-01
4.689649343490600586e-01
4.794120490550994873e-01
4.919650256633758545e-01
5.042712688446044922e-01
5.159205794334411621e-01
5.232151150703430176e-01
5.249254107475280762e-01
5.224658846855163574e-01
5.165752172470092773e-01
5.073889493942260742e-01
4.980524182319641113e-01
4.916203320026397705e-01
4.867251515388488770e-01
4.854129254817962646e-01
4.868077635765075684e-01
4.900805056095123291e-01
4.924102127552032471e-01
4.923899471759796143e-01
4.922431111335754395e-01
4.904889762401580811e-01
4.890221953392028809e-01
4.894870817661285400e-01
4.912068247795104980e-01
4.950737357139587402e-01
5.018544793128967285e-01
5.111022591590881348e-01
5.180965662002563477e-01
5.207417607307434082e-01
5.201873183250427246e-01
5.150052309036254883e-01
5.062254667282104492e-01
4.961158037185668945e-01
4.838434457778930664e-01
4.721580445766448975e-01
4.635131955146789551e-01
4.569372534751892090e-01
4.534403681755065918e-01
4.530439674854278564e-01
4.534966945648193359e-01
4.554099738597869873e-01
4.587045907974243164e-01
4.683575332164764404e-01
4.636535346508026123e-01
4.597712457180023193e-01
4.568213820457458496e-01
4.556162953376770020e-01
4.562903046607971191e-01
4.582472443580627441e-01
4.632771909236907959e-01
4.715004265308380127e-01
4.835624992847442627e-01
4.959963262081146240e-01
5.078806877136230469e-01
5.174576640129089355e-01
5.206923484802246094e-01
5.197830200195312500e-01
5.151860117912292480e-01
5.066029429435729980e-01
4.960588514804840088e-01
4.874617159366607666e-01
4.823411703109741211e-01
4.806622862815856934e-01
4.824954569339752197e-01
4.862710833549499512e-01
4.883384406566619873e-01
4.883771538734436035e-01
4.878534078598022461e-01
4.861814081668853760e-01
4.839400351047515869e-01
4.840755164623260498e-01
4.867106080055236816e-01
4.927118718624114990e-01
5.005714297294616699e-01
5.091832876205444336e-01
5.153162479400634766e-01
5.164352655410766602e-01
5.143324136734008789e-01
5.080110430717468262e-01
4.991217553615570068e-01
4.883615672588348389e-01
4.761162102222442627e-01
4.653067886829376221e-01
4.581467807292938232e-01
4.528431296348571777e-01
4.506222307682037354e-01
4.505665898323059082e-01
4.513644576072692871e-01
4.537624120712280273e-01
4.576314985752105713e-01
4.673070013523101807e-01
4.624614417552947998e-01
4.583806991577148438e-01
4.554994702339172363e-01
4.534350335597991943e-01
4.527308642864227295e-01
4.540880918502807617e-01
4.584007263183593750e-01
4.648869633674621582e-01
4.753750264644622803e-01
4.872040748596191406e-01
4.989988505840301514e-01
5.098065137863159180e-01
5.151115059852600098e-01
5.165061354637145996e-01
5.143803954124450684e-01
5.077684521675109863e-01
4.983554482460021973e-01
4.903090596199035645e-01
4.852953255176544189e-01
4.830785095691680908e-01
4.846410751342773438e-01
4.873549342155456543e-01
4.886721372604370117e-01
4.888975918292999268e-01
4.881284236907958984e-01
4.864487349987030029e-01
4.849429726600646973e-01
4.852321147918701172e-01
4.888258874416351318e-01
4.956817626953125000e-01
5.025683045387268066e-01
5.086259245872497559e-01
5.121436119079589844e-01
5.117626786231994629e-01
5.077239871025085449e-01
5.000305175781250000e-01
4.906088709831237793e-01
4.795237779617309570e-01
4.679958522319793701e-01
4.579577147960662842e-01
4.524195492267608643e-01
4.492824673652648926e-01
4.481249749660491943e-01
4.486014246940612793e-01
4.503180384635925293e-01
4.533641636371612549e-01
4.570112824440002441e-01
4.666874706745147705e-01
4.615233242511749268e-01
4.571230709552764893e-01
4.537087082862854004e-01
4.511719346046447754e-01
4.503614008426666260e-01
4.513171017169952393e-01
4.539217948913574219e-01
4.585947394371032715e-01
4.670875966548919678e-01
4.775777161121368408e-01
4.894462525844573975e-01
5.006853938102722168e-01
5.081167221069335938e-01
5.120680332183837891e-01
5.127583146095275879e-01
5.098695158958435059e-01
5.036122798919677734e-01
4.976328015327453613e-01
4.926851689815521240e-01
4.903370738029479980e-01
4.903317391872406006e-01
4.914636611938476562e-01
4.917998909950256348e-01
4.918773770332336426e-01
4.915285706520080566e-01
4.903227090835571289e-01
4.898946583271026611e-01
4.906964302062988281e-01
4.946511685848236084e-01
5.003458857536315918e-01
5.050863027572631836e-01
5.080158114433288574e-01
5.086247324943542480e-01
5.065546035766601562e-01
4.996491670608520508e-01
4.913813173770904541e-01
4.813137352466583252e-01
4.698523581027984619e-01
4.598855376243591309e-01
4.514723420143127441e-01
4.473089277744293213e-01
4.447742104530334473e-01
4.448745548725128174e-01
4.466496109962463379e-01
4.488153457641601562e-01
4.525687992572784424e-01
4.564364254474639893e-01
4.653008580207824707e-01
4.605430364608764648e-01
4.561279714107513428e-01
4.523201286792755127e-01
4.491720199584960938e-01
4.479872286319732666e-01
4.480432569980621338e-01
4.492737352848052979e-01
4.525361657142639160e-01
4.590499997138977051e-01
4.676429033279418945e-01
4.792627692222595215e-01
4.909095764160156250e-01
5.002275109291076660e-01
5.066504478454589844e-01
5.095055699348449707e-01
5.095757842063903809e-01
5.075998902320861816e-01
5.036661028861999512e-01
4.992081820964813232e-01
4.970722496509552002e-01
4.972480237483978271e-01
4.976038038730621338e-01
4.973098635673522949e-01
4.967325925827026367e-01
4.968434572219848633e-01
4.964444637298583984e-01
4.960964024066925049e-01
4.975847005844116211e-01
5.016574263572692871e-01
5.053343772888183594e-01
5.067242383956909180e-01
5.061123967170715332e-01
5.043391585350036621e-01
4.992529153823852539e-01
4.910198748111724854e-01
4.821273386478424072e-01
4.714544117450714111e-01
4.608874320983886719e-01
4.520178139209747314e-01
4.460517168045043945e-01
4.423142075538635254e-01
4.406870007514953613e-01
4.419170022010803223e-01
4.441774785518646240e-01
4.472007453441619873e-01
4.511182010173797607e-01
4.550881683826446533e-01
4.634340405464172363e-01
4.591735601425170898e-01
4.550466239452362061e-01
4.510557353496551514e-01
4.481658339500427246e-01
4.460346698760986328e-01
4.449424147605895996e-01
4.450342655181884766e-01
4.471922516822814941e-01
4.519756734371185303e-01
4.594773054122924805e-01
4.698592126369476318e-01
4.812720119953155518e-01
4.913194775581359863e-01
4.998214244842529297e-01
5.051184892654418945e-01
5.076245665550231934e-01
5.084848999977111816e-01
5.077065229415893555e-01
5.048933029174804688e-01
5.034189820289611816e-01
5.038171410560607910e-01
5.038397312164306641e-01
5.030717253684997559e-01
5.025712847709655762e-01
5.028843283653259277e-01
5.032618045806884766e-01
5.034553408622741699e-01
5.046480894088745117e-01
5.063412189483642578e-01
5.077760219573974609e-01
5.064888596534729004e-01
5.027819871902465820e-01
4.981433749198913574e-01
4.909234344959259033e-01
4.828675687313079834e-01
4.729220569133758545e-01
4.625376164913177490e-01
4.531444609165191650e-01
4.462558627128601074e-01
4.417946636676788330e-01
4.379977881908416748e-01
4.377034902572631836e-01
4.403478503227233887e-01
4.429974555969238281e-01
4.464200437068939209e-01
4.495864808559417725e-01
4.540171921253204346e-01
4.623214006423950195e-01
4.581552743911743164e-01
4.546534121036529541e-01
4.505287110805511475e-01
4.471511244773864746e-01
4.446348547935485840e-01
4.425719678401947021e-01
4.416338801383972168e-01
4.421876370906829834e-01
4.458233714103698730e-01
4.525280594825744629e-01
4.613746404647827148e-01
4.721385538578033447e-01
4.820674061775207520e-01
4.908915460109710693e-01
4.982469379901885986e-01
5.039187073707580566e-01
5.074887871742248535e-01
5.092166066169738770e-01
5.094256997108459473e-01
5.087246894836425781e-01
5.085555315017700195e-01
5.088855028152465820e-01
5.085809826850891113e-01
5.081889033317565918e-01
5.087218284606933594e-01
5.094787478446960449e-01
5.096236467361450195e-01
5.084864497184753418e-01
5.082192420959472656e-01
5.072603225708007812e-01
5.034369230270385742e-01
4.977708458900451660e-01
4.905567765235900879e-01
4.821681380271911621e-01
4.739900231361389160e-01
4.640125334262847900e-01
4.547425508499145508e-01
4.469373822212219238e-01
4.412761628627777100e-01
4.374760687351226807e-01
4.352518022060394287e-01
4.354550540447235107e-01
4.382105171680450439e-01
4.411753714084625244e-01
4.446872770786285400e-01
4.480729699134826660e-01
4.523492455482482910e-01
4.614073336124420166e-01
4.576517343521118164e-01
4.539643824100494385e-01
4.502325654029846191e-01
4.465080201625823975e-01
4.432256519794464111e-01
4.406282007694244385e-01
4.392153918743133545e-01
4.382018148899078369e-01
4.403441846370697021e-01
4.461088776588439941e-01
4.540864825248718262e-01
4.641232192516326904e-01
4.728493988513946533e-01
4.808277785778045654e-01
4.891152083873748779e-01
4.974310696125030518e-01
5.030483007431030273e-01
5.067554116249084473e-01
5.101010203361511230e-01
5.110893845558166504e-01
5.115564465522766113e-01
5.119848847389221191e-01
5.114961266517639160e-01
5.112970471382141113e-01
5.121145844459533691e-01
5.129409432411193848e-01
5.122676491737365723e-01
5.097770690917968750e-01
5.083807706832885742e-01
5.049376487731933594e-01
4.988103508949279785e-01
4.913346171379089355e-01
4.824589490890502930e-01
4.733721017837524414e-01
4.646574556827545166e-01
4.556363224983215332e-01
4.477019309997558594e-01
4.416480958461761475e-01
4.375382363796234131e-01
4.343922734260559082e-01
4.332285821437835693e-01
4.339047372341156006e-01
4.366523027420043945e-01
4.400118291378021240e-01
4.431832432746887207e-01
4.466274082660675049e-01
4.506802260875701904e-01
4.611443579196929932e-01
4.571948945522308350e-01
4.534465670585632324e-01
4.500413835048675537e-01
4.461363255977630615e-01
4.420928061008453369e-01
4.395240247249603271e-01
4.376034736633300781e-01
4.362247288227081299e-01
4.370009601116180420e-01
4.406090676784515381e-01
4.477017819881439209e-01
4.566576778888702393e-01
4.647274315357208252e-01
4.719303250312805176e-01
4.799913465976715088e-01
4.884890019893646240e-01
4.963628351688385010e-01
5.014223456382751465e-01
5.063166022300720215e-01
5.090115666389465332e-01
5.103778839111328125e-01
5.109656453132629395e-01
5.112622976303100586e-01
5.114288926124572754e-01
5.120742321014404297e-01
5.120291113853454590e-01
5.102399587631225586e-01
5.082074999809265137e-01
5.048558712005615234e-01
4.988214373588562012e-01
4.915790259838104248e-01
4.831177890300750732e-01
4.738450348377227783e-01
4.652031660079956055e-01
4.558887481689453125e-01
4.483113884925842285e-01
4.421099424362182617e-01
4.376444816589355469e-01
4.344437122344970703e-01
4.325204193592071533e-01
4.319370388984680176e-01
4.333805739879608154e-01
4.366784095764160156e-01
4.388873875141143799e-01
4.422074854373931885e-01
4.457175433635711670e-01
4.496545195579528809e-01
4.614076316356658936e-01
4.571207761764526367e-01
4.532364010810852051e-01
4.498221278190612793e-01
4.453541636466979980e-01
4.414663314819335938e-01
4.393058121204376221e-01
4.369395375251770020e-01
4.357649981975555420e-01
4.352832138538360596e-01
4.374717473983764648e-01
4.426261484622955322e-01
4.492957890033721924e-01
4.572001695632934570e-01
4.634047746658325195e-01
4.705236256122589111e-01
4.786094129085540771e-01
4.864630997180938721e-01
4.932782053947448730e-01
4.985526800155639648e-01
5.022421479225158691e-01
5.040958523750305176e-01
5.054534673690795898e-01
5.062257647514343262e-01
5.063259005546569824e-01
5.068349242210388184e-01
5.060197710990905762e-01
5.039335489273071289e-01
5.012872219085693359e-01
4.965373575687408447e-01
4.903044104576110840e-01
4.822994172573089600e-01
4.738215804100036621e-01
4.651454091072082520e-01
4.573353826999664307e-01
4.489699006080627441e-01
4.427065849304199219e-01
4.381497502326965332e-01
4.349126517772674561e-01
4.326489567756652832e-01
4.315693080425262451e-01
4.317600131034851074e-01
4.337318837642669678e-01
4.362391531467437744e-01
4.385393261909484863e-01
4.423964321613311768e-01
4.456337690353393555e-01
4.494837820529937744e-01
4.612608850002288818e-01
4.569841623306274414e-01
4.523623883724212646e-01
4.485097229480743408e-01
4.448939859867095947e-01
4.407134652137756348e-01
4.386779665946960449e-01
4.366419315338134766e-01
4.354296326637268066e-01
4.346222579479217529e-01
4.357717633247375488e-01
4.392876029014587402e-01
4.445138275623321533e-01
4.506415426731109619e-01
4.565295279026031494e-01
4.628596603870391846e-01
4.702952206134796143e-01
4.768812060356140137e-01
4.837091863155364990e-01
4.891228675842285156e-01
4.927844703197479248e-01
4.950690567493438721e-01
4.962063431739807129e-01
4.970754086971282959e-01
4.972395300865173340e-01
4.970762133598327637e-01
4.959893226623535156e-01
4.943617582321166992e-01
4.913699924945831299e-01
4.873706698417663574e-01
4.808705747127532959e-01
4.727196395397186279e-01
4.651602804660797119e-01
4.578072428703308105e-01
4.513368904590606689e-01
4.444302022457122803e-01
4.392121732234954834e-01
4.353288412094116211e-01
4.334292709827423096e-01
4.319314360618591309e-01
4.310426115989685059e-01
4.317958652973175049e-01
4.340629875659942627e-01
4.353845715522766113e-01
4.380826056003570557e-01
4.421683847904205322e-01
4.451849162578582764e-01
4.488173723220825195e-01
