3.233559131622314453e-01
3.176557719707489014e-01
3.126375079154968262e-01
3.065520823001861572e-01
2.998380064964294434e-01
2.930502295494079590e-01
2.865976989269256592e-01
2.807672917842864990e-01
2.758113145828247070e-01
2.720334827899932861e-01
2.688278257846832275e-01
2.668283283710479736e-01
2.649064064025878906e-01
2.630603909492492676e-01
2.617365419864654541e-01
2.609514594078063965e-01
2.599002420902252197e-01
2.588419616222381592e-01
2.582262754440307617e-01
2.575046718120574951e-01
2.574053406715393066e-01
2.571410536766052246e-01
2.568616271018981934e-01
2.570469379425048828e-01
2.572951316833496094e-01
2.572476565837860107e-01
2.574125528335571289e-01
2.581051290035247803e-01
2.581965923309326172e-01
2.587976157665252686e-01
2.597309052944183350e-01
2.607221901416778564e-01
2.616365849971771240e-01
2.626771330833435059e-01
2.642029821872711182e-01
2.658436298370361328e-01
2.672131657600402832e-01
2.694732248783111572e-01
2.730421721935272217e-01
2.771875858306884766e-01
2.819651067256927490e-01
2.866165041923522949e-01
2.928233742713928223e-01
2.994570136070251465e-01
3.054227530956268311e-01
3.121986985206604004e-01
3.171367645263671875e-01
3.216831684112548828e-01
3.211662769317626953e-01
3.156490325927734375e-01
3.103704154491424561e-01
3.033656477928161621e-01
2.963509261608123779e-01
2.898358404636383057e-01
2.827021181583404541e-01
2.769185900688171387e-01
2.726075947284698486e-01
2.684947252273559570e-01
2.657946944236755371e-01
2.635935544967651367e-01
2.614996731281280518e-01
2.599960565567016602e-01
2.585996687412261963e-01
2.573483586311340332e-01
2.558124065399169922e-01
2.545846104621887207e-01
2.537567317485809326e-01
2.528305947780609131e-01
2.524279654026031494e-01
2.520332336425781250e-01
2.518217563629150391e-01
2.519049346446990967e-01
2.522242963314056396e-01
2.520127296447753906e-01
2.523465454578399658e-01
2.530432939529418945e-01
2.535296678543090820e-01
2.542264461517333984e-01
2.551757097244262695e-01
2.564262449741363525e-01
2.573703527450561523e-01
2.589194774627685547e-01
2.605707645416259766e-01
2.623015046119689941e-01
2.641410827636718750e-01
2.663861811161041260e-01
2.697640657424926758e-01
2.740320861339569092e-01
2.785859704017639160e-01
2.833489179611206055e-01
2.893363833427429199e-01
2.960032820701599121e-01
3.027177453041076660e-01
3.098601996898651123e-01
3.151196241378784180e-01
3.200654387474060059e-01
3.192075192928314209e-01
3.137348294258117676e-01
3.079613745212554932e-01
3.004857003688812256e-01
2.934692203998565674e-01
2.868573367595672607e-01
2.794066369533538818e-01
2.741942405700683594e-01
2.693990170955657959e-01
2.654080390930175781e-01
2.626387774944305420e-01
2.608308792114257812e-01
2.585623264312744141e-01
2.567409873008728027e-01
2.550983130931854248e-01
2.530156373977661133e-01
2.512223720550537109e-01
2.499790042638778687e-01
2.487225830554962158e-01
2.478063106536865234e-01
2.470170110464096069e-01
2.463278770446777344e-01
2.460533231496810913e-01
2.459445744752883911e-01
2.460933327674865723e-01
2.460535168647766113e-01
2.464492172002792358e-01
2.471507042646408081e-01
2.479978203773498535e-01
2.490180581808090210e-01
2.506090700626373291e-01
2.522633373737335205e-01
2.534976005554199219e-01
2.551364600658416748e-01
2.568683028221130371e-01
2.588289976119995117e-01
2.612725794315338135e-01
2.637197971343994141e-01
2.669458687305450439e-01
2.708758413791656494e-01
2.756766378879547119e-01
2.806759774684906006e-01
2.862462401390075684e-01
2.929210066795349121e-01
2.996210753917694092e-01
3.074264526367187500e-01
3.134941160678863525e-01
3.190359473228454590e-01
3.174228370189666748e-01
3.113352656364440918e-01
3.049004375934600830e-01
2.976135909557342529e-01
2.901696562767028809e-01
2.832615673542022705e-01
2.768653035163879395e-01
2.706704735755920410e-01
2.654290199279785156e-01
2.622784674167633057e-01
2.595393359661102295e-01
2.571764588356018066e-01
2.547836303710937500e-01
2.530011832714080811e-01
2.505255341529846191e-01
2.481095492839813232e-01
2.465705275535583496e-01
2.449028491973876953e-01
2.432962059974670410e-01
2.420376688241958618e-01
2.411172538995742798e-01
2.405230104923248291e-01
2.400588840246200562e-01
2.397847026586532593e-01
2.396819442510604858e-01
2.397317290306091309e-01
2.400569170713424683e-01
2.410302013158798218e-01
2.421111613512039185e-01
2.436851412057876587e-01
2.455447018146514893e-01
2.475049048662185669e-01
2.490907907485961914e-01
2.509133517742156982e-01
2.530754804611206055e-01
2.553561329841613770e-01
2.581173777580261230e-01
2.605914473533630371e-01
2.636860013008117676e-01
2.679790854454040527e-01
2.722027003765106201e-01
2.776407301425933838e-01
2.833002209663391113e-01
2.902885079383850098e-01
2.971682846546173096e-01
3.050117492675781250e-01
3.112493157386779785e-01
3.173640668392181396e-01
3.157535791397094727e-01
3.097124695777893066e-01
3.031410574913024902e-01
2.950237095355987549e-01
2.872434258460998535e-01
2.806347906589508057e-01
2.740226984024047852e-01
2.673710286617279053e-01
2.628785669803619385e-01
2.597878575325012207e-01
2.567413449287414551e-01
2.539468705654144287e-01
2.512216866016387939e-01
2.489963769912719727e-01
2.463093400001525879e-01
2.440152466297149658e-01
2.420397400856018066e-01
2.399889379739761353e-01
2.383377403020858765e-01
2.369807958602905273e-01
2.359586656093597412e-01
2.355566769838333130e-01
2.345500439405441284e-01
2.342142909765243530e-01
2.339124530553817749e-01
2.339413911104202271e-01
2.344723194837570190e-01
2.356006056070327759e-01
2.370259016752243042e-01
2.386454790830612183e-01
2.404861003160476685e-01
2.429590523242950439e-01
2.451541870832443237e-01
2.470471113920211792e-01
2.495452165603637695e-01
2.522813081741333008e-01
2.548308074474334717e-01
2.576552033424377441e-01
2.610413730144500732e-01
2.647783458232879639e-01
2.693488895893096924e-01
2.748413980007171631e-01
2.806120812892913818e-01
2.875692248344421387e-01
2.948713004589080811e-01
3.028620183467864990e-01
3.093581795692443848e-01
3.154602646827697754e-01
3.144651651382446289e-01
3.078980445861816406e-01
3.009287714958190918e-01
2.924302816390991211e-01
2.849250733852386475e-01
2.778913676738739014e-01
2.713068425655364990e-01
2.652289569377899170e-01
2.608098983764648438e-01
2.568701505661010742e-01
2.539605796337127686e-01
2.509834170341491699e-01
2.481515705585479736e-01
2.451847493648529053e-01
2.423385083675384521e-01
2.398574948310852051e-01
2.374500632286071777e-01
2.352726161479949951e-01
2.332061976194381714e-01
2.321721762418746948e-01
2.310420721769332886e-01
2.301357835531234741e-01
2.293466329574584961e-01
2.288120537996292114e-01
2.286454439163208008e-01
2.289385795593261719e-01
2.295237332582473755e-01
2.302324473857879639e-01
2.314812391996383667e-01
2.338840365409851074e-01
2.359861880540847778e-01
2.388264834880828857e-01
2.415127754211425781e-01
2.439669072628021240e-01
2.462695837020874023e-01
2.494427114725112915e-01
2.523027062416076660e-01
2.553620934486389160e-01
2.583242654800415039e-01
2.620927989482879639e-01
2.662564814090728760e-01
2.721674442291259766e-01
2.782609462738037109e-01
2.850225865840911865e-01
2.923258244991302490e-01
3.004330992698669434e-01
3.072985112667083740e-01
3.138533532619476318e-01
3.132143020629882812e-01
3.058776259422302246e-01
2.988019883632659912e-01
2.900248765945434570e-01
2.822465896606445312e-01
2.752657532691955566e-01
2.683854401111602783e-01
2.625013291835784912e-01
2.576964497566223145e-01
2.539700269699096680e-01
2.509192228317260742e-01
2.480001002550125122e-01
2.448452562093734741e-01
2.417426854372024536e-01
2.386144548654556274e-01
2.361107617616653442e-01
2.338906377553939819e-01
2.313262522220611572e-01
2.290110290050506592e-01
2.274099737405776978e-01
2.260415703058242798e-01
2.248265892267227173e-01
2.240264862775802612e-01
2.234609872102737427e-01
2.238247841596603394e-01
2.239444404840469360e-01
2.249338775873184204e-01
2.258300632238388062e-01
2.272138148546218872e-01
2.298772484064102173e-01
2.324913293123245239e-01
2.347938418388366699e-01
2.374418973922729492e-01
2.407216578722000122e-01
2.433754950761795044e-01
2.461885660886764526e-01
2.495947331190109253e-01
2.526870071887969971e-01
2.555947899818420410e-01
2.595616579055786133e-01
2.638382911682128906e-01
2.696255445480346680e-01
2.757754325866699219e-01
2.826198339462280273e-01
2.901404500007629395e-01
2.979500591754913330e-01
3.057224452495574951e-01
3.120666742324829102e-01
3.118776082992553711e-01
3.041804432868957520e-01
2.968119382858276367e-01
2.883859872817993164e-01
2.806006968021392822e-01
2.731966376304626465e-01
2.659986317157745361e-01
2.600343525409698486e-01
2.552337050437927246e-01
2.513726949691772461e-01
2.481399625539779663e-01
2.448804229497909546e-01
2.415593117475509644e-01
2.384280264377593994e-01
2.351301163434982300e-01
2.329656630754470825e-01
2.304387986660003662e-01
2.282206565141677856e-01
2.256551682949066162e-01
2.236840277910232544e-01
2.214476466178894043e-01
2.198964357376098633e-01
2.190124988555908203e-01
2.184729427099227905e-01
2.190904170274734497e-01
2.194970995187759399e-01
2.206137180328369141e-01
2.222470641136169434e-01
2.239550054073333740e-01
2.267276197671890259e-01
2.294781208038330078e-01
2.318760752677917480e-01
2.347002774477005005e-01
2.376439422369003296e-01
2.406321167945861816e-01
2.435224950313568115e-01
2.471409738063812256e-01
2.501504123210906982e-01
2.533201575279235840e-01
2.576760053634643555e-01
2.616590857505798340e-01
2.669944167137145996e-01
2.735543549060821533e-01
2.804050445556640625e-01
2.881746888160705566e-01
2.959626019001007080e-01
3.039690256118774414e-01
3.105924129486083984e-01
3.105993270874023438e-01
3.029233813285827637e-01
2.951737940311431885e-01
2.869807481765747070e-01
2.793074846267700195e-01
2.714307010173797607e-01
2.638500332832336426e-01
2.581627666950225830e-01
2.530781030654907227e-01
2.485858350992202759e-01
2.450664490461349487e-01
2.418409883975982666e-01
2.387853115797042847e-01
2.357037961483001709e-01
2.329829335212707520e-01
2.303668856620788574e-01
2.272627055644989014e-01
2.250451594591140747e-01
2.227932214736938477e-01
2.208180129528045654e-01
2.185373604297637939e-01
2.167953401803970337e-01
2.155766636133193970e-01
2.146184593439102173e-01
2.149301171302795410e-01
2.157660871744155884e-01
2.171602249145507812e-01
2.191962003707885742e-01
2.214182764291763306e-01
2.240861058235168457e-01
2.273484319448471069e-01
2.301829159259796143e-01
2.327764481306076050e-01
2.361947447061538696e-01
2.393542081117630005e-01
2.422801554203033447e-01
2.457659989595413208e-01
2.485651075839996338e-01
2.512995302677154541e-01
2.553591728210449219e-01
2.592498958110809326e-01
2.645987570285797119e-01
2.715719044208526611e-01
2.785933017730712891e-01
2.865153551101684570e-01
2.945237755775451660e-01
3.021136820316314697e-01
3.090566694736480713e-01
3.098923861980438232e-01
3.018815517425537109e-01
2.943283617496490479e-01
2.859402894973754883e-01
2.782759368419647217e-01
2.697262465953826904e-01
2.625305652618408203e-01
2.563387751579284668e-01
2.512234151363372803e-01
2.472798824310302734e-01
2.435382455587387085e-01
2.399315685033798218e-01
2.367932647466659546e-01
2.343978434801101685e-01
2.322029620409011841e-01
2.294669300317764282e-01
2.264427691698074341e-01
2.237204611301422119e-01
2.209245711565017700e-01
2.187858670949935913e-01
2.166132926940917969e-01
2.144335657358169556e-01
2.131537497043609619e-01
2.127162814140319824e-01
2.125739902257919312e-01
2.133936285972595215e-01
2.150458991527557373e-01
2.172809392213821411e-01
2.196226269006729126e-01
2.221644669771194458e-01
2.254765182733535767e-01
2.286644726991653442e-01
2.315234541893005371e-01
2.343069016933441162e-01
2.372998297214508057e-01
2.399604767560958862e-01
2.431960850954055786e-01
2.462925612926483154e-01
2.491844147443771362e-01
2.529186308383941650e-01
2.568007111549377441e-01
2.619463801383972168e-01
2.696753144264221191e-01
2.771344482898712158e-01
2.851699590682983398e-01
2.932950258255004883e-01
3.007265925407409668e-01
3.073907792568206787e-01
3.091916739940643311e-01
3.011991977691650391e-01
2.937750816345214844e-01
2.854100763797760010e-01
2.769909501075744629e-01
2.681466937065124512e-01
2.613708376884460449e-01
2.547539472579956055e-01
2.497033774852752686e-01
2.455408424139022827e-01
2.421864718198776245e-01
2.387537956237792969e-01
2.359606623649597168e-01
2.336520105600357056e-01
2.316106408834457397e-01
2.294292002916336060e-01
2.266760617494583130e-01
2.232520878314971924e-01
2.206464558839797974e-01
2.178413271903991699e-01
2.148372679948806763e-01
2.125646322965621948e-01
2.110178470611572266e-01
2.104871720075607300e-01
2.106217443943023682e-01
2.110874056816101074e-01
2.131139636039733887e-01
2.155395299196243286e-01
2.179466336965560913e-01
2.212242931127548218e-01
2.250928878784179688e-01
2.283627241849899292e-01
2.308115512132644653e-01
2.330940067768096924e-01
2.357888221740722656e-01
2.382408529520034790e-01
2.412407249212265015e-01
2.442610859870910645e-01
2.473334223031997681e-01
2.507301568984985352e-01
2.555511295795440674e-01
2.603292763233184814e-01
2.679437994956970215e-01
2.757136523723602295e-01
2.839035093784332275e-01
2.921131849288940430e-01
2.999062240123748779e-01
3.063576817512512207e-01
3.085117340087890625e-01
3.005043864250183105e-01
2.931224107742309570e-01
2.847934663295745850e-01
2.758101522922515869e-01
2.675647735595703125e-01
2.596718370914459229e-01
2.530674338340759277e-01
2.481012940406799316e-01
2.438420802354812622e-01
2.402642518281936646e-01
2.371703535318374634e-01
2.348328232765197754e-01
2.327319681644439697e-01
2.307685464620590210e-01
2.280250191688537598e-01
2.251708954572677612e-01
2.219972461462020874e-01
2.193936407566070557e-01
2.163741290569305420e-01
2.134069800376892090e-01
2.109982371330261230e-01
2.097126841545104980e-01
2.091467678546905518e-01
2.091641873121261597e-01
2.093067765235900879e-01
2.106766998767852783e-01
2.138013988733291626e-01
2.172451168298721313e-01
2.199336737394332886e-01
2.239498645067214966e-01
2.271407097578048706e-01
2.296541482210159302e-01
2.315251529216766357e-01
2.338671386241912842e-01
2.369944900274276733e-01
2.398395836353302002e-01
2.426903992891311646e-01
2.456308305263519287e-01
2.489125579595565796e-01
2.544062435626983643e-01
2.597317099571228027e-01
2.665128111839294434e-01
2.744874358177185059e-01
2.827507257461547852e-01
2.911627590656280518e-01
2.987008392810821533e-01
3.057433068752288818e-01
3.076860308647155762e-01
2.997834980487823486e-01
2.925219237804412842e-01
2.840273380279541016e-01
2.749186754226684570e-01
2.664806842803955078e-01
2.582220137119293213e-01
2.518481910228729248e-01
2.468240857124328613e-01
2.416722327470779419e-01
2.376987934112548828e-01
2.348777055740356445e-01
2.328573912382125854e-01
2.310559451580047607e-01
2.289990931749343872e-01
2.264555990695953369e-01
2.234199643135070801e-01
2.205934971570968628e-01
2.177828699350357056e-01
2.149601727724075317e-01
2.125546038150787354e-01
2.100318819284439087e-01
2.085729390382766724e-01
2.076479494571685791e-01
2.075057923793792725e-01
2.072972804307937622e-01
2.083322256803512573e-01
2.117365747690200806e-01
2.149298489093780518e-01
2.184012085199356079e-01
2.216493040323257446e-01
2.254153788089752197e-01
2.279969602823257446e-01
2.294081449508666992e-01
2.315795719623565674e-01
2.341387867927551270e-01
2.373699247837066650e-01
2.405734062194824219e-01
2.443129718303680420e-01
2.480090409517288208e-01
2.534653246402740479e-01
2.591022849082946777e-01
2.655073106288909912e-01
2.734575569629669189e-01
2.816035747528076172e-01
2.898491919040679932e-01
2.975860834121704102e-01
3.047384619712829590e-01
3.066780269145965576e-01
2.991912662982940674e-01
2.918573915958404541e-01
2.829702496528625488e-01
2.741226255893707275e-01
2.657569646835327148e-01
2.574377954006195068e-01
2.508136034011840820e-01
2.452349811792373657e-01
2.397191077470779419e-01
2.361759096384048462e-01
2.329449504613876343e-01
2.310582399368286133e-01
2.292215973138809204e-01
2.274767309427261353e-01
2.245069295167922974e-01
2.220549136400222778e-01
2.191159576177597046e-01
2.159266471862792969e-01
2.131671756505966187e-01
2.109757065773010254e-01
2.091808170080184937e-01
2.074346691370010376e-01
2.064438760280609131e-01
2.059144079685211182e-01
2.060691416263580322e-01
2.076175361871719360e-01
2.102776020765304565e-01
2.133914828300476074e-01
2.168629467487335205e-01
2.194623798131942749e-01
2.222458571195602417e-01
2.249768674373626709e-01
2.273139506578445435e-01
2.292791306972503662e-01
2.314771711826324463e-01
2.346064746379852295e-01
2.379589229822158813e-01
2.422554939985275269e-01
2.464760988950729370e-01
2.523092627525329590e-01
2.586183845996856689e-01
2.654232382774353027e-01
2.729713320732116699e-01
2.809918820858001709e-01
2.892065346240997314e-01
2.968101799488067627e-01
3.036752045154571533e-01
3.058548867702484131e-01
2.988177239894866943e-01
2.910125255584716797e-01
2.821923196315765381e-01
2.738809585571289062e-01
2.652813494205474854e-01
2.569349110126495361e-01
2.498151659965515137e-01
2.434773743152618408e-01
2.375041991472244263e-01
2.339968681335449219e-01
2.308597415685653687e-01
2.293769121170043945e-01
2.282411456108093262e-01
2.265448123216629028e-01
2.240924835205078125e-01
2.216612100601196289e-01
2.186066955327987671e-01
2.154153734445571899e-01
2.123161256313323975e-01
2.094816863536834717e-01
2.074874043464660645e-01
2.062971144914627075e-01
2.057423293590545654e-01
2.054773271083831787e-01
2.060966789722442627e-01
2.076122164726257324e-01
2.102040797472000122e-01
2.130947411060333252e-01
2.159811705350875854e-01
2.184619009494781494e-01
2.213896512985229492e-01
2.232997119426727295e-01
2.253680229187011719e-01
2.275873124599456787e-01
2.300360053777694702e-01
2.326928973197937012e-01
2.364781945943832397e-01
2.404117137193679810e-01
2.454494386911392212e-01
2.514583170413970947e-01
2.577087581157684326e-01
2.645147144794464111e-01
2.720144093036651611e-01
2.801558375358581543e-01
2.885867953300476074e-01
2.956042587757110596e-01
3.025572597980499268e-01
3.051374256610870361e-01
2.983565032482147217e-01
2.907256186008453369e-01
2.811710238456726074e-01
2.731471955776214600e-01
2.647963762283325195e-01
2.569644451141357422e-01
2.490604817867279053e-01
2.429463714361190796e-01
2.365096807479858398e-01
2.325944304466247559e-01
2.303350418806076050e-01
2.283039540052413940e-01
2.268626242876052856e-01
2.258913516998291016e-01
2.241458743810653687e-01
2.218530476093292236e-01
2.185525149106979370e-01
2.153242528438568115e-01
2.121885865926742554e-01
2.103029042482376099e-01
2.078338563442230225e-01
2.067901045083999634e-01
2.060594558715820312e-01
2.059597820043563843e-01
2.070409655570983887e-01
2.084366083145141602e-01
2.104596942663192749e-01
2.127508670091629028e-01
2.154109776020050049e-01
2.181164771318435669e-01
2.209715545177459717e-01
2.235971838235855103e-01
2.249530404806137085e-01
2.270115464925765991e-01
2.293653488159179688e-01
2.319513410329818726e-01
2.348502278327941895e-01
2.397418022155761719e-01
2.447921335697174072e-01
2.507925331592559814e-01
2.568639516830444336e-01
2.637518942356109619e-01
2.710591554641723633e-01
2.795014381408691406e-01
2.877061665058135986e-01
2.946228384971618652e-01
3.014870584011077881e-01
3.045111596584320068e-01
2.978278696537017822e-01
2.900576591491699219e-01
2.806649506092071533e-01
2.726078927516937256e-01
2.645101249217987061e-01
2.565722763538360596e-01
2.485951185226440430e-01
2.418164312839508057e-01
2.361381798982620239e-01
2.325762957334518433e-01
2.299338281154632568e-01
2.288455665111541748e-01
2.283131033182144165e-01
2.274994701147079468e-01
2.263894677162170410e-01
2.243739515542984009e-01
2.209777086973190308e-01
2.166494280099868774e-01
2.134805172681808472e-01
2.116540074348449707e-01
2.094647884368896484e-01
2.078221589326858521e-01
2.071210592985153198e-01
2.067512720823287964e-01
2.078572511672973633e-01
2.091839909553527832e-01
2.109698802232742310e-01
2.135292738676071167e-01
2.168999314308166504e-01
2.209146767854690552e-01
2.241843640804290771e-01
2.265785038471221924e-01
2.280263155698776245e-01
2.285983711481094360e-01
2.295656353235244751e-01
2.311630398035049438e-01
2.342536300420761108e-01
2.383193224668502808e-01
2.439035326242446899e-01
2.505201697349548340e-01
2.568261623382568359e-01
2.629924118518829346e-01
2.704723775386810303e-01
2.787975370883941650e-01
2.871879041194915771e-01
2.935897111892700195e-01
3.005871772766113281e-01
3.034924566745758057e-01
2.968615591526031494e-01
2.894072830677032471e-01
2.805354893207550049e-01
2.716702222824096680e-01
2.643828690052032471e-01
2.562036514282226562e-01
2.479868531227111816e-01
2.414652258157730103e-01
2.356195896863937378e-01
2.325487732887268066e-01
2.302022278308868408e-01
2.299330234527587891e-01
2.296062111854553223e-01
2.302946150302886963e-01
2.297801375389099121e-01
2.266355603933334351e-01
2.226632237434387207e-01
2.190759778022766113e-01
2.157719284296035767e-01
2.133062630891799927e-01
2.112167477607727051e-01
2.091326713562011719e-01
2.074841260910034180e-01
2.070547640323638916e-01
2.079441398382186890e-01
2.097394317388534546e-01
2.122369259595870972e-01
2.149718403816223145e-01
2.186136394739151001e-01
2.225157916545867920e-01
2.270343303680419922e-01
2.306718975305557251e-01
2.316565215587615967e-01
2.318057268857955933e-01
2.316676676273345947e-01
2.322384119033813477e-01
2.337605655193328857e-01
2.380272895097732544e-01
2.436382025480270386e-01
2.497394233942031860e-01
2.558126449584960938e-01
2.629284560680389404e-01
2.698177695274353027e-01
2.778561115264892578e-01
2.865814566612243652e-01
2.926680147647857666e-01
2.992157936096191406e-01
3.029768168926239014e-01
2.959530055522918701e-01
2.888204157352447510e-01
2.802487015724182129e-01
2.710439264774322510e-01
2.639680206775665283e-01
2.557308077812194824e-01
2.476571649312973022e-01
2.414990961551666260e-01
2.361834943294525146e-01
2.335962504148483276e-01
2.316250801086425781e-01
2.317783087491989136e-01
2.330319285392761230e-01
2.334870249032974243e-01
2.340186089277267456e-01
2.314673364162445068e-01
2.254735976457595825e-01
2.198028713464736938e-01
2.169130146503448486e-01
2.144526839256286621e-01
2.113892883062362671e-01
2.087127715349197388e-01
2.070922255516052246e-01
2.066078186035156250e-01
2.072304934263229370e-01
2.094635218381881714e-01
2.122472077608108521e-01
2.156495302915573120e-01
2.195243537425994873e-01
2.238321751356124878e-01
2.290160208940505981e-01
2.335722148418426514e-01
2.342155277729034424e-01
2.329476326704025269e-01
2.326206415891647339e-01
2.329858690500259399e-01
2.349068969488143921e-01
2.384218126535415649e-01
2.431531101465225220e-01
2.486263066530227661e-01
2.551496624946594238e-01
2.627655863761901855e-01
2.693600356578826904e-01
2.769804894924163818e-01
2.855248749256134033e-01
2.924871146678924561e-01
2.985795438289642334e-01
3.021706044673919678e-01
2.954650521278381348e-01
2.883951067924499512e-01
2.796077728271484375e-01
2.708768844604492188e-01
2.633121907711029053e-01
2.548850774765014648e-01
2.473658025264739990e-01
2.411564886569976807e-01
2.361806631088256836e-01
2.333479374647140503e-01
2.311873435974121094e-01
2.307654470205307007e-01
2.318413257598876953e-01
2.334743142127990723e-01
2.325842976570129395e-01
2.283154278993606567e-01
2.218385934829711914e-01
2.165058255195617676e-01
2.142820656299591064e-01
2.123543918132781982e-01
2.094270735979080200e-01
2.065489739179611206e-01
2.047325819730758667e-01
2.039411216974258423e-01
2.038368731737136841e-01
2.059699296951293945e-01
2.087748497724533081e-01
2.122591882944107056e-01
2.150555700063705444e-01
2.191296964883804321e-01
2.245779484510421753e-01
2.299291640520095825e-01
2.314192354679107666e-01
2.304220348596572876e-01
2.298812121152877808e-01
2.311706393957138062e-01
2.339856028556823730e-01
2.371134012937545776e-01
2.419316023588180542e-01
2.478053122758865356e-01
2.545320093631744385e-01
2.623203694820404053e-01
2.692705392837524414e-01
2.763857543468475342e-01
2.846677005290985107e-01
2.918132245540618896e-01
2.981546223163604736e-01
3.015620410442352295e-01
2.951555848121643066e-01
2.882738113403320312e-01
2.797723412513732910e-01
2.708233892917633057e-01
2.623744010925292969e-01
2.538985311985015869e-01
2.465935051441192627e-01
2.400408387184143066e-01
2.350426763296127319e-01
2.316391766071319580e-01
2.283013164997100830e-01
2.263604253530502319e-01
2.249324768781661987e-01
2.248097509145736694e-01
2.226060926914215088e-01
2.174890041351318359e-01
2.123331576585769653e-01
2.092417925596237183e-01
2.078300714492797852e-01
2.075053602457046509e-01
2.051988542079925537e-01
2.023170143365859985e-01
2.016880959272384644e-01
2.009416371583938599e-01
2.005520164966583252e-01
2.019674181938171387e-01
2.044140696525573730e-01
2.065677344799041748e-01
2.078184187412261963e-01
2.103383988142013550e-01
2.148136794567108154e-01
2.196321189403533936e-01
2.217683345079421997e-01
2.222238183021545410e-01
2.235424369573593140e-01
2.270766794681549072e-01
2.308212369680404663e-01
2.350996136665344238e-01
2.399111837148666382e-01
2.460662126541137695e-01
2.528316080570220947e-01
2.608756721019744873e-01
2.684326171875000000e-01
2.754921913146972656e-01
2.838308215141296387e-01
2.908991873264312744e-01
2.975900471210479736e-01
3.010472655296325684e-01
2.947731018066406250e-01
2.882777750492095947e-01
2.799333631992340088e-01
2.706220149993896484e-01
2.617131173610687256e-01
2.531889379024505615e-01
2.449800968170166016e-01
2.382811605930328369e-01
2.322798520326614380e-01
2.271351665258407593e-01
2.236866503953933716e-01
2.201729863882064819e-01
2.160410583019256592e-01
2.139650434255599976e-01
2.106487751007080078e-01
2.068174034357070923e-01
2.031349837779998779e-01
2.023355960845947266e-01
2.018406391143798828e-01
2.019329667091369629e-01
2.006636261940002441e-01
1.979946345090866089e-01
1.970461159944534302e-01
1.966283321380615234e-01
1.968410611152648926e-01
1.982533931732177734e-01
2.003723084926605225e-01
2.010601609945297241e-01
2.019173204898834229e-01
2.030424922704696655e-01
2.055388540029525757e-01
2.090166658163070679e-01
2.117103636264801025e-01
2.139184772968292236e-01
2.170477658510208130e-01
2.218404710292816162e-01
2.266808897256851196e-01
2.319041341543197632e-01
2.368530631065368652e-01
2.437861412763595581e-01
2.516859173774719238e-01
2.595699429512023926e-01
2.677288055419921875e-01
2.751933932304382324e-01
2.834634184837341309e-01
2.901127636432647705e-01
2.971670329570770264e-01
3.010408282279968262e-01
2.944088280200958252e-01
2.882226109504699707e-01
2.797707617282867432e-01
2.706734538078308105e-01
2.616756856441497803e-01
2.520025670528411865e-01
2.435053735971450806e-01
2.357053011655807495e-01
2.286109477281570435e-01
2.224011868238449097e-01
2.179222553968429565e-01
2.131706923246383667e-01
2.088261991739273071e-01
2.051205933094024658e-01
2.019691467285156250e-01
2.000897973775863647e-01
1.987379044294357300e-01
1.977299004793167114e-01
1.977512836456298828e-01
1.979318112134933472e-01
1.965651512145996094e-01
1.941623985767364502e-01
1.935506165027618408e-01
1.935680061578750610e-01
1.936133950948715210e-01
1.955311447381973267e-01
1.977328509092330933e-01
1.979228854179382324e-01
1.982393562793731689e-01
1.988779157400131226e-01
1.999338418245315552e-01
2.019880414009094238e-01
2.046368122100830078e-01
2.081663608551025391e-01
2.120207399129867554e-01
2.170116603374481201e-01
2.223001271486282349e-01
2.280871570110321045e-01
2.341340780258178711e-01
2.419637441635131836e-01
2.501861453056335449e-01
2.586251497268676758e-01
2.670100927352905273e-01
2.747750878334045410e-01
2.829977273941040039e-01
2.900666892528533936e-01
2.975145280361175537e-01
3.010026216506958008e-01
2.946393191814422607e-01
2.882449626922607422e-01
2.797249555587768555e-01
2.708201706409454346e-01
2.613369226455688477e-01
2.510801255702972412e-01
2.423546314239501953e-01
2.330819368362426758e-01
2.253883928060531616e-01
2.182989716529846191e-01
2.128091156482696533e-01
2.083976417779922485e-01
2.040129899978637695e-01
2.006307542324066162e-01
1.982699930667877197e-01
1.967933923006057739e-01
1.959297508001327515e-01
1.958074271678924561e-01
1.963685899972915649e-01
1.965478956699371338e-01
1.947993934154510498e-01
1.921925097703933716e-01
1.914876252412796021e-01
1.913726031780242920e-01
1.918989717960357666e-01
1.934220492839813232e-01
1.956075429916381836e-01
1.964251846075057983e-01
1.961443424224853516e-01
1.966275423765182495e-01
1.975568681955337524e-01
1.989303976297378540e-01
2.009913027286529541e-01
2.043121457099914551e-01
2.076342701911926270e-01
2.129583805799484253e-01
2.182884961366653442e-01
2.246956527233123779e-01
2.318730503320693970e-01
2.400076985359191895e-01
2.492312937974929810e-01
2.580704689025878906e-01
2.665054798126220703e-01
2.749612331390380859e-01
2.828776836395263672e-01
2.899954617023468018e-01
2.974378466606140137e-01
3.016341626644134521e-01
2.951827943325042725e-01
2.883124351501464844e-01
2.801688313484191895e-01
2.713868021965026855e-01
2.615570724010467529e-01
2.512121498584747314e-01
2.413647025823593140e-01
2.315828949213027954e-01
2.224714905023574829e-01
2.151701599359512329e-01
2.092162519693374634e-01
2.048035860061645508e-01
2.012793868780136108e-01
1.983729600906372070e-01
1.969525218009948730e-01
1.954010426998138428e-01
1.952740103006362915e-01
1.953190118074417114e-01
1.963194161653518677e-01
1.960188448429107666e-01
1.937056779861450195e-01
1.914264261722564697e-01
1.900374889373779297e-01
1.898589134216308594e-01
1.904665529727935791e-01
1.921158432960510254e-01
1.938273012638092041e-01
1.951476931571960449e-01
1.953989714384078979e-01
1.954365968704223633e-01
1.962173134088516235e-01
1.972419917583465576e-01
1.991418749094009399e-01
2.018485367298126221e-01
2.051681727170944214e-01
2.099983841180801392e-01
2.155460715293884277e-01
2.223921716213226318e-01
2.300978600978851318e-01
2.383469790220260620e-01
2.481676191091537476e-01
2.575062215328216553e-01
2.664845883846282959e-01
2.749517261981964111e-01
2.832192480564117432e-01
2.898965477943420410e-01
2.971723377704620361e-01
3.021556138992309570e-01
2.958907485008239746e-01
2.887553572654724121e-01
2.805776894092559814e-01
2.720734775066375732e-01
2.622408270835876465e-01
2.514620721340179443e-01
2.412764728069305420e-01
2.303016036748886108e-01
2.209215462207794189e-01
2.132816165685653687e-01
2.076678574085235596e-01
2.028491944074630737e-01
1.996840834617614746e-01
1.972384601831436157e-01
1.959524899721145630e-01
1.956361532211303711e-01
1.951685845851898193e-01
1.956645697355270386e-01
1.961596012115478516e-01
1.957274973392486572e-01
1.939747929573059082e-01
1.915783137083053589e-01
1.903513669967651367e-01
1.901848614215850830e-01
1.904046386480331421e-01
1.920508146286010742e-01
1.936062723398208618e-01
1.945218741893768311e-01
1.952630728483200073e-01
1.956376731395721436e-01
1.961725950241088867e-01
1.967602819204330444e-01
1.979770809412002563e-01
2.003746032714843750e-01
2.037599831819534302e-01
2.086055427789688110e-01
2.140477448701858521e-01
2.208165377378463745e-01
2.292361706495285034e-01
2.380360811948776245e-01
2.473475784063339233e-01
2.571914792060852051e-01
2.667008340358734131e-01
2.748995125293731689e-01
2.837211489677429199e-01
2.907423973083496094e-01
2.974675893783569336e-01
3.024390637874603271e-01
2.963623106479644775e-01
2.894313931465148926e-01
2.812718749046325684e-01
2.727869451045989990e-01
2.630384862422943115e-01
2.521462142467498779e-01
2.415959686040878296e-01
2.302742004394531250e-01
2.206179797649383545e-01
2.127425223588943481e-01
2.071660757064819336e-01
2.025847882032394409e-01
1.995704919099807739e-01
1.975684016942977905e-01
1.968862861394882202e-01
1.967715620994567871e-01
1.971330791711807251e-01
1.970617324113845825e-01
1.974591761827468872e-01
1.965523809194564819e-01
1.960341781377792358e-01
1.949535757303237915e-01
1.935528814792633057e-01
1.923049092292785645e-01
1.921093612909317017e-01
1.935061514377593994e-01
1.955201327800750732e-01
1.961785703897476196e-01
1.970285177230834961e-01
1.974301189184188843e-01
1.977941095829010010e-01
1.980648636817932129e-01
1.986740231513977051e-01
2.003304213285446167e-01
2.035385370254516602e-01
2.081568092107772827e-01
2.133937478065490723e-01
2.204291522502899170e-01
2.292783260345458984e-01
2.380398064851760864e-01
2.475266903638839722e-01
2.577206790447235107e-01
2.674430608749389648e-01
2.758277654647827148e-01
2.842587530612945557e-01
2.918014824390411377e-01
2.982764244079589844e-01
3.030226826667785645e-01
2.971809208393096924e-01
2.907382249832153320e-01
2.827421426773071289e-01
2.740881443023681641e-01
2.647058367729187012e-01
2.531844675540924072e-01
2.424589991569519043e-01
2.314477860927581787e-01
2.211135476827621460e-01
2.128467112779617310e-01
2.069743573665618896e-01
2.030348926782608032e-01
2.004238367080688477e-01
1.991755515336990356e-01
1.987527608871459961e-01
1.991772651672363281e-01
1.994075775146484375e-01
1.992465108633041382e-01
1.997775137424468994e-01
1.993896514177322388e-01
1.985122114419937134e-01
1.977341771125793457e-01
1.967167556285858154e-01
1.957434713840484619e-01
1.949885934591293335e-01
1.963401138782501221e-01
1.975314021110534668e-01
1.978070437908172607e-01
1.980020999908447266e-01
1.990024745464324951e-01
1.993822753429412842e-01
1.999374330043792725e-01
1.996857523918151855e-01
2.007920891046524048e-01
2.038130313158035278e-01
2.082094401121139526e-01
2.135613858699798584e-01
2.207376360893249512e-01
2.293256372213363647e-01
2.381269335746765137e-01
2.481853514909744263e-01
2.589851617813110352e-01
2.683545947074890137e-01
2.765837311744689941e-01
2.849604189395904541e-01
2.927015423774719238e-01
2.988238930702209473e-01
3.036924302577972412e-01
2.978975474834442139e-01
2.918803989887237549e-01
2.842575907707214355e-01
2.755960226058959961e-01
2.662747204303741455e-01
2.550254762172698975e-01
2.441837489604949951e-01
2.325864285230636597e-01
2.220973223447799683e-01
2.133375406265258789e-01
2.074577212333679199e-01
2.038440108299255371e-01
2.017471045255661011e-01
2.005736827850341797e-01
1.998389661312103271e-01
2.010044157505035400e-01
2.017124146223068237e-01
2.019215822219848633e-01
2.022407203912734985e-01
2.023762762546539307e-01
2.031286656856536865e-01
2.016753703355789185e-01
1.999825388193130493e-01
1.994009763002395630e-01
2.000328302383422852e-01
2.010157853364944458e-01
2.015895247459411621e-01
2.007979154586791992e-01
1.993394792079925537e-01
2.008651793003082275e-01
2.012565433979034424e-01
2.010691612958908081e-01
2.011173665523529053e-01
2.020106911659240723e-01
2.044465839862823486e-01
2.084179520606994629e-01
2.140631526708602905e-01
2.206786423921585083e-01
2.300006300210952759e-01
2.394294589757919312e-01
2.494501024484634399e-01
2.605432868003845215e-01
2.691974043846130371e-01
2.777961194515228271e-01
2.863646745681762695e-01
2.936220467090606689e-01
2.997196912765502930e-01
3.047366142272949219e-01
2.994086146354675293e-01
2.929481863975524902e-01
2.856098711490631104e-01
2.775846719741821289e-01
2.682867348194122314e-01
2.569565474987030029e-01
2.459285408258438110e-01
2.341280281543731689e-01
2.234972566366195679e-01
2.146284133195877075e-01
2.087106108665466309e-01
2.048808187246322632e-01
2.024400830268859863e-01
2.018041759729385376e-01
2.015199065208435059e-01
2.021736800670623779e-01
2.031118720769882202e-01
2.043922543525695801e-01
2.055190056562423706e-01
2.073835879564285278e-01
2.087186127901077271e-01
2.073174417018890381e-01
2.055922597646713257e-01
2.048731297254562378e-01
2.060453444719314575e-01
2.063654512166976929e-01
2.061876803636550903e-01
2.040688395500183105e-01
2.025202661752700806e-01
2.028428316116333008e-01
2.027065455913543701e-01
2.019494920969009399e-01
2.020450383424758911e-01
2.028793394565582275e-01
2.049459964036941528e-01
2.090364545583724976e-01
2.146049588918685913e-01
2.220320850610733032e-01
2.312995791435241699e-01
2.410023063421249390e-01
2.513946592807769775e-01
2.627486288547515869e-01
2.709801197052001953e-01
2.796197235584259033e-01
2.879827022552490234e-01
2.948455810546875000e-01
3.009327948093414307e-01
3.060993254184722900e-01
3.005819022655487061e-01
2.947731912136077881e-01
2.878533303737640381e-01
2.799178659915924072e-01
2.706657946109771729e-01
2.592656910419464111e-01
2.479286789894104004e-01
2.365051060914993286e-01
2.255904674530029297e-01
2.166629284620285034e-01
2.103597670793533325e-01
2.063559889793395996e-01
2.036577016115188599e-01
2.028990536928176880e-01
2.033668905496597290e-01
2.038091123104095459e-01
2.055961042642593384e-01
2.073745578527450562e-01
2.084712237119674683e-01
2.109685391187667847e-01
2.121566385030746460e-01
2.100376486778259277e-01
2.078831046819686890e-01
2.082688063383102417e-01
2.096612751483917236e-01
2.104085683822631836e-01
2.102896720170974731e-01
2.080032229423522949e-01
2.063083052635192871e-01
2.048498243093490601e-01
2.039866894483566284e-01
2.031772732734680176e-01
2.027777582406997681e-01
2.032704800367355347e-01
2.060728818178176880e-01
2.104202061891555786e-01
2.156610935926437378e-01
2.235167026519775391e-01
2.325345128774642944e-01
2.428690344095230103e-01
2.535085976123809814e-01
2.647212147712707520e-01
2.732743918895721436e-01
2.817845344543457031e-01
2.895520031452178955e-01
2.956486046314239502e-01
3.020130991935729980e-01
3.076020479202270508e-01
3.018787801265716553e-01
2.965692281723022461e-01
2.897548377513885498e-01
2.820298373699188232e-01
2.728627026081085205e-01
2.622715830802917480e-01
2.508207559585571289e-01
2.393986731767654419e-01
2.283083945512771606e-01
2.192234247922897339e-01
2.125953584909439087e-01
2.082027345895767212e-01
2.052167654037475586e-01
2.044512182474136353e-01
2.047141641378402710e-01
2.054079771041870117e-01
2.081253230571746826e-01
2.099407613277435303e-01
2.108606845140457153e-01
2.125262618064880371e-01
2.137899696826934814e-01
2.123202830553054810e-01
2.099838107824325562e-01
2.100568562746047974e-01
2.113412171602249146e-01
2.121342718601226807e-01
2.120112329721450806e-01
2.106089293956756592e-01
2.091982811689376831e-01
2.069708704948425293e-01
2.054597437381744385e-01
2.042162567377090454e-01
2.040230631828308105e-01
2.047718167304992676e-01
2.071015238761901855e-01
2.119044661521911621e-01
2.173334956169128418e-01
2.253459542989730835e-01
2.343914955854415894e-01
2.446572333574295044e-01
2.558455467224121094e-01
2.664282619953155518e-01
2.754216194152832031e-01
2.837414443492889404e-01
2.908432781696319580e-01
2.970861494541168213e-01
3.028857111930847168e-01
3.087711632251739502e-01
3.035123348236083984e-01
2.982717454433441162e-01
2.915464341640472412e-01
2.842798531055450439e-01
2.757267057895660400e-01
2.652080953121185303e-01
2.540576457977294922e-01
2.421714216470718384e-01
2.313083559274673462e-01
2.221267819404602051e-01
2.149609625339508057e-01
2.102894037961959839e-01
2.078707814216613770e-01
2.064652740955352783e-01
2.064668834209442139e-01
2.074848264455795288e-01
2.094321399927139282e-01
2.117594033479690552e-01
2.129759490489959717e-01
2.140997350215911865e-01
2.146624475717544556e-01
2.133363932371139526e-01
2.117068022489547729e-01
2.113775908946990967e-01
2.118441015481948853e-01
2.128752022981643677e-01
2.132777869701385498e-01
2.121909558773040771e-01
2.110807895660400391e-01
2.086679041385650635e-01
2.061741352081298828e-01
2.056282162666320801e-01
2.058385312557220459e-01
2.067640423774719238e-01
2.095317244529724121e-01
2.142905741930007935e-01
2.200902402400970459e-01
2.277432531118392944e-01
2.370356172323226929e-01
2.473550140857696533e-01
2.583711147308349609e-01
2.683407068252563477e-01
2.777428328990936279e-01
2.855745255947113037e-01
2.918693721294403076e-01
2.984737455844879150e-01
3.045974075794219971e-01
3.097356557846069336e-01
3.049330115318298340e-01
3.006057739257812500e-01
2.938375771045684814e-01
2.866187095642089844e-01
2.784184515476226807e-01
2.683811187744140625e-01
2.573946118354797363e-01
2.458719909191131592e-01
2.347059547901153564e-01
2.250918149948120117e-01
2.178547233343124390e-01
2.127839475870132446e-01
2.106218934059143066e-01
2.090401202440261841e-01
2.084454894065856934e-01
2.093153595924377441e-01
2.110736072063446045e-01
2.125829458236694336e-01
2.135886251926422119e-01
2.151983082294464111e-01
2.157049328088760376e-01
2.142237275838851929e-01
2.121967524290084839e-01
2.120475023984909058e-01
2.128110677003860474e-01
2.132180333137512207e-01
2.135501354932785034e-01
2.129357755184173584e-01
2.119652777910232544e-01
2.103501558303833008e-01
2.083178162574768066e-01
2.073229998350143433e-01
2.079065740108489990e-01
2.089866697788238525e-01
2.119940370321273804e-01
2.165256142616271973e-01
2.224989235401153564e-01
2.304042875766754150e-01
2.397034615278244019e-01
2.498703300952911377e-01
2.608433961868286133e-01
2.709461450576782227e-01
2.799711227416992188e-01
2.879265546798706055e-01
2.937392294406890869e-01
3.000475168228149414e-01
3.055724501609802246e-01
3.105691373348236084e-01
3.060609102249145508e-01
3.017729818820953369e-01
2.959777414798736572e-01
2.890303134918212891e-01
2.813151776790618896e-01
2.715014219284057617e-01
2.608158290386199951e-01
2.493579983711242676e-01
2.383316606283187866e-01
2.285561859607696533e-01
2.207495570182800293e-01
2.155364751815795898e-01
2.133333086967468262e-01
2.116593420505523682e-01
2.112710624933242798e-01
2.121284157037734985e-01
2.134067565202713013e-01
2.146974354982376099e-01
2.156764864921569824e-01
2.162235528230667114e-01
2.159876525402069092e-01
2.153036594390869141e-01
2.145886719226837158e-01
2.137200832366943359e-01
2.135515213012695312e-01
2.136622667312622070e-01
2.139307558536529541e-01
2.135656028985977173e-01
2.133148163557052612e-01
2.126413732767105103e-01
2.117080688476562500e-01
2.102207839488983154e-01
2.104497104883193970e-01
2.112247198820114136e-01
2.140768170356750488e-01
2.185080647468566895e-01
2.248121052980422974e-01
2.332467287778854370e-01
2.426830232143402100e-01
2.527889609336853027e-01
2.637316286563873291e-01
2.738321721553802490e-01
2.823091149330139160e-01
2.897447943687438965e-01
2.957942783832550049e-01
3.013332486152648926e-01
3.064177632331848145e-01
3.111295104026794434e-01
3.072425723075866699e-01
3.027815520763397217e-01
2.977895736694335938e-01
2.908491194248199463e-01
2.836718261241912842e-01
2.745358943939208984e-01
2.642905116081237793e-01
2.538194358348846436e-01
2.426221817731857300e-01
2.324521541595458984e-01
2.242860198020935059e-01
2.186062335968017578e-01
2.153687924146652222e-01
2.139200121164321899e-01
2.139796912670135498e-01
2.147655189037322998e-01
2.160165756940841675e-01
2.171469926834106445e-01
2.179116904735565186e-01
2.177579402923583984e-01
2.172866165637969971e-01
2.166260033845901489e-01
2.161855697631835938e-01
2.159575223922729492e-01
2.158177345991134644e-01
2.158293724060058594e-01
2.154739052057266235e-01
2.158052772283554077e-01
2.153804898262023926e-01
2.153041213750839233e-01
2.144000977277755737e-01
2.129405289888381958e-01
2.123463451862335205e-01
2.133299112319946289e-01
2.164580374956130981e-01
2.211488485336303711e-01
2.279937565326690674e-01
2.367437183856964111e-01
2.465212047100067139e-01
2.564876973628997803e-01
2.668740451335906982e-01
2.762741446495056152e-01
2.845935821533203125e-01
2.914009094238281250e-01
2.973158955574035645e-01
3.026429712772369385e-01
3.072838485240936279e-01
3.118259012699127197e-01
3.081035614013671875e-01
3.040514290332794189e-01
2.990494668483734131e-01
2.927604615688323975e-01
2.860184907913208008e-01
2.778390944004058838e-01
2.677816450595855713e-01
2.572818696498870850e-01
2.471221536397933960e-01
2.364211827516555786e-01
2.277978062629699707e-01
2.215685099363327026e-01
2.175592482089996338e-01
2.155743390321731567e-01
2.157817035913467407e-01
2.167211621999740601e-01
2.180090546607971191e-01
2.185449153184890747e-01
2.191305160522460938e-01
2.201110422611236572e-01
2.198267877101898193e-01
2.197732031345367432e-01
2.196451127529144287e-01
2.198148965835571289e-01
2.199063599109649658e-01
2.190055251121520996e-01
2.189980894327163696e-01
2.184770405292510986e-01
2.181537300348281860e-01
2.168258428573608398e-01
2.155036628246307373e-01
2.141056954860687256e-01
2.141438573598861694e-01
2.153135687112808228e-01
2.188152670860290527e-01
2.244537770748138428e-01
2.318582534790039062e-01
2.408839017152786255e-01
2.499141693115234375e-01
2.598017454147338867e-01
2.698915600776672363e-01
2.790272533893585205e-01
2.866609990596771240e-01
2.933619320392608643e-01
2.984721064567565918e-01
3.034693300724029541e-01
3.078731000423431396e-01
3.124050498008728027e-01
3.090220689773559570e-01
3.054326176643371582e-01
2.998831272125244141e-01
2.948345541954040527e-01
2.887798547744750977e-01
2.803987562656402588e-01
2.712381780147552490e-01
2.611518800258636475e-01
2.514762878417968750e-01
2.410306930541992188e-01
2.317243814468383789e-01
2.250818908214569092e-01
2.201839983463287354e-01
2.174967527389526367e-01
2.161640375852584839e-01
2.175393104553222656e-01
2.186470031738281250e-01
2.191573828458786011e-01
2.197189033031463623e-01
2.204666882753372192e-01
2.209803164005279541e-01
2.217817306518554688e-01
2.216515243053436279e-01
2.213695943355560303e-01
2.215887159109115601e-01
2.214575558900833130e-01
2.209032773971557617e-01
2.196793854236602783e-01
2.185789197683334351e-01
2.175934463739395142e-01
2.158085256814956665e-01
2.147867083549499512e-01
2.155276089906692505e-01
2.174215614795684814e-01
2.220926582813262939e-01
2.283402681350708008e-01
2.358814328908920288e-01
2.445622980594635010e-01
2.539555132389068604e-01
2.630089819431304932e-01
2.725893259048461914e-01
2.813016772270202637e-01
2.883392572402954102e-01
2.945900857448577881e-01
2.996171116828918457e-01
3.044504523277282715e-01
3.081721663475036621e-01
3.127418756484985352e-01
3.094155788421630859e-01
3.060336709022521973e-01
3.012979328632354736e-01
2.964600622653961182e-01
2.908937036991119385e-01
2.830251455307006836e-01
2.749396264553070068e-01
2.651862502098083496e-01
2.557659745216369629e-01
2.462285459041595459e-01
2.365106791257858276e-01
2.292133122682571411e-01
2.240156680345535278e-01
2.198206782341003418e-01
2.176830321550369263e-01
2.169215977191925049e-01
2.177758812904357910e-01
2.186107933521270752e-01
2.190631031990051270e-01
2.202510684728622437e-01
2.205688655376434326e-01
2.211857289075851440e-01
2.210167348384857178e-01
2.198381423950195312e-01
2.201727628707885742e-01
2.203000038862228394e-01
2.196079343557357788e-01
2.185898870229721069e-01
2.174837738275527954e-01
2.171227931976318359e-01
2.163342386484146118e-01
2.162964195013046265e-01
2.179104089736938477e-01
2.200956046581268311e-01
2.252339720726013184e-01
2.317968159914016724e-01
2.398053407669067383e-01
2.484602183103561401e-01
2.577053308486938477e-01
2.662391066551208496e-01
2.751877605915069580e-01
2.831055521965026855e-01
2.899711728096008301e-01
2.956319451332092285e-01
3.004832863807678223e-01
3.049039244651794434e-01
3.083381056785583496e-01
3.127289116382598877e-01
3.094842135906219482e-01
3.068873882293701172e-01
3.030149340629577637e-01
2.978520989418029785e-01
2.925497889518737793e-01
2.858444750308990479e-01
2.784336805343627930e-01
2.692707777023315430e-01
2.603590786457061768e-01
2.507943212985992432e-01
2.414026260375976562e-01
2.336468547582626343e-01
2.275813668966293335e-01
2.224283814430236816e-01
2.188959866762161255e-01
2.171210497617721558e-01
2.177104204893112183e-01
2.176178246736526489e-01
2.179586589336395264e-01
2.189251035451889038e-01
2.190629094839096069e-01
2.192943245172500610e-01
2.184023112058639526e-01
2.171583324670791626e-01
2.174292504787445068e-01
2.175667285919189453e-01
2.179866433143615723e-01
2.174503654241561890e-01
2.163219451904296875e-01
2.168628722429275513e-01
2.173791080713272095e-01
2.185855954885482788e-01
2.202228158712387085e-01
2.235820889472961426e-01
2.286617308855056763e-01
2.359435856342315674e-01
2.436272501945495605e-01
2.521020174026489258e-01
2.606785297393798828e-01
2.698611319065093994e-01
2.780981957912445068e-01
2.852868437767028809e-01
2.914685606956481934e-01
2.966865897178649902e-01
3.010984361171722412e-01
3.055001199245452881e-01
3.086496889591217041e-01
3.125810921192169189e-01
3.096241056919097900e-01
3.074654340744018555e-01
3.039192557334899902e-01
2.990698218345642090e-01
2.940631210803985596e-01
2.880898118019104004e-01
2.810335457324981689e-01
2.731771767139434814e-01
2.643117010593414307e-01
2.553128004074096680e-01
2.461601495742797852e-01
2.386140972375869751e-01
2.313811779022216797e-01
2.254365682601928711e-01
2.209018915891647339e-01
2.182512730360031128e-01
2.173399478197097778e-01
2.170453965663909912e-01
2.168168276548385620e-01
2.164817899465560913e-01
2.166360020637512207e-01
2.163575738668441772e-01
2.158047556877136230e-01
2.155127674341201782e-01
2.156316936016082764e-01
2.154399603605270386e-01
2.155470252037048340e-01
2.159293591976165771e-01
2.158958315849304199e-01
2.172003388404846191e-01
2.186816185712814331e-01
2.206414341926574707e-01
2.232890278100967407e-01
2.268171310424804688e-01
2.329044640064239502e-01
2.400821894407272339e-01
2.475919872522354126e-01
2.557454109191894531e-01
2.640701234340667725e-01
2.732509374618530273e-01
2.805874347686767578e-01
2.868873178958892822e-01
2.926178276538848877e-01
2.974314093589782715e-01
3.016939461231231689e-01
3.060107231140136719e-01
3.085954785346984863e-01
3.125114440917968750e-01
3.099212348461151123e-01
3.078000545501708984e-01
3.045133054256439209e-01
2.999335527420043945e-01
2.950339317321777344e-01
2.892368435859680176e-01
2.832146883010864258e-01
2.754206657409667969e-01
2.674125134944915771e-01
2.592011988162994385e-01
2.507933378219604492e-01
2.432197481393814087e-01
2.356882989406585693e-01
2.294481992721557617e-01
2.241614609956741333e-01
2.199055552482604980e-01
2.175312042236328125e-01
2.169350385665893555e-01
2.160889357328414917e-01
2.157859206199645996e-01
2.156047374010086060e-01
2.148160934448242188e-01
2.142702490091323853e-01
2.139293104410171509e-01
2.139976173639297485e-01
2.141441106796264648e-01
2.141474783420562744e-01
2.150195986032485962e-01
2.151193916797637939e-01
2.172281444072723389e-01
2.195570766925811768e-01
2.225551307201385498e-01
2.262165099382400513e-01
2.307687550783157349e-01
2.368342578411102295e-01
2.440807968378067017e-01
2.518201470375061035e-01
2.590778470039367676e-01
2.671031355857849121e-01
2.751758098602294922e-01
2.818620204925537109e-01
2.878228127956390381e-01
2.935109138488769531e-01
2.981028854846954346e-01
3.021091222763061523e-01
3.058727979660034180e-01
3.089097142219543457e-01
3.128772974014282227e-01
3.102348744869232178e-01
3.076154291629791260e-01
3.043676316738128662e-01
3.005782067775726318e-01
2.957018017768859863e-01
2.903628051280975342e-01
2.851556837558746338e-01
2.779343426227569580e-01
2.703235149383544922e-01
2.625835835933685303e-01
2.551395595073699951e-01
2.475307583808898926e-01
2.402312755584716797e-01
2.332011014223098755e-01
2.280179262161254883e-01
2.233899235725402832e-01
2.198947817087173462e-01
2.181667983531951904e-01
2.167766094207763672e-01
2.158104628324508667e-01
2.148849517107009888e-01
2.146668434143066406e-01
2.140267193317413330e-01
2.135502398014068604e-01
2.138004601001739502e-01
2.135332524776458740e-01
2.134640812873840332e-01
2.146718651056289673e-01
2.161054015159606934e-01
2.186819165945053101e-01
2.215883731842041016e-01
2.252220660448074341e-01
2.297623008489608765e-01
2.349439412355422974e-01
2.411350160837173462e-01
2.483006715774536133e-01
2.550472319126129150e-01
2.623235881328582764e-01
2.699441611766815186e-01
2.771530747413635254e-01
2.834295630455017090e-01
2.889763116836547852e-01
2.943133711814880371e-01
2.987332642078399658e-01
3.027224540710449219e-01
3.058626949787139893e-01
3.086863756179809570e-01
3.129778802394866943e-01
3.103886544704437256e-01
3.077451586723327637e-01
3.041744828224182129e-01
3.008992373943328857e-01
2.965090870857238770e-01
2.917198538780212402e-01
2.864200472831726074e-01
2.800371646881103516e-01
2.725667059421539307e-01
2.657880783081054688e-01
2.585961818695068359e-01
2.517848014831542969e-01
2.449192106723785400e-01
2.378598749637603760e-01
2.319595664739608765e-01
2.273875772953033447e-01
2.228626608848571777e-01
2.203657776117324829e-01
2.180232107639312744e-01
2.172098457813262939e-01
2.159819900989532471e-01
2.154063284397125244e-01
2.150613665580749512e-01
2.146899402141571045e-01
2.143960893154144287e-01
2.143971174955368042e-01
2.148401737213134766e-01
2.165826112031936646e-01
2.189704179763793945e-01
2.212342172861099243e-01
2.251864671707153320e-01
2.290269136428833008e-01
2.340194880962371826e-01
2.390936613082885742e-01
2.455157488584518433e-01
2.522785663604736328e-01
2.586123645305633545e-01
2.656967639923095703e-01
2.728015184402465820e-01
2.792680263519287109e-01
2.849384248256683350e-01
2.899237275123596191e-01
2.947117090225219727e-01
2.991330027580261230e-01
3.033189773559570312e-01
3.059709370136260986e-01
3.083199858665466309e-01
3.123140633106231689e-01
3.103106915950775146e-01
3.078801333904266357e-01
3.044160902500152588e-01
3.010013401508331299e-01
2.971023321151733398e-01
2.926789820194244385e-01
2.878507375717163086e-01
2.816076278686523438e-01
2.750413715839385986e-01
2.686556875705718994e-01
2.624406516551971436e-01
2.557511627674102783e-01
2.492571920156478882e-01
2.424183040857315063e-01
2.371259629726409912e-01
2.316071689128875732e-01
2.267484068870544434e-01
2.234166115522384644e-01
2.211953997611999512e-01
2.193442881107330322e-01
2.184045314788818359e-01
2.176723480224609375e-01
2.176896035671234131e-01
2.173052132129669189e-01
2.171694785356521606e-01
2.171475291252136230e-01
2.182017713785171509e-01
2.196166813373565674e-01
2.221136987209320068e-01
2.246786952018737793e-01
2.290226668119430542e-01
2.331127375364303589e-01
2.380573451519012451e-01
2.431192994117736816e-01
2.491947710514068604e-01
2.555929720401763916e-01
2.617615759372711182e-01
2.685140073299407959e-01
2.750172317028045654e-01
2.808918654918670654e-01
2.866208255290985107e-01
2.909854352474212646e-01
2.951820194721221924e-01
2.994932532310485840e-01
3.032795488834381104e-01
3.058873414993286133e-01
3.086345493793487549e-01
3.119034171104431152e-01
3.100860714912414551e-01
3.080233335494995117e-01
3.051380813121795654e-01
3.014663755893707275e-01
2.977427244186401367e-01
2.936047017574310303e-01
2.890627682209014893e-01
2.834210395812988281e-01
2.775433063507080078e-01
2.712588012218475342e-01
2.657177150249481201e-01
2.595393955707550049e-01
2.536074221134185791e-01
2.471404224634170532e-01
2.420729547739028931e-01
2.363811135292053223e-01
2.316644638776779175e-01
2.283341586589813232e-01
2.254910916090011597e-01
2.236634343862533569e-01
2.220052033662796021e-01
2.211924344301223755e-01
2.213378250598907471e-01
2.211916297674179077e-01
2.211926132440567017e-01
2.218783944845199585e-01
2.225741893053054810e-01
2.242486327886581421e-01
2.262148112058639526e-01
2.293248623609542847e-01
2.333235442638397217e-01
2.376096248626708984e-01
2.426223605871200562e-01
2.474154829978942871e-01
2.525509297847747803e-01
2.589828372001647949e-01
2.650674879550933838e-01
2.710160911083221436e-01
2.765698730945587158e-01
2.823117375373840332e-01
2.874593734741210938e-01
2.922652661800384521e-01
2.961563766002655029e-01
3.001724481582641602e-01
3.035809993743896484e-01
3.063629269599914551e-01
3.091122806072235107e-01
3.114573955535888672e-01
3.096343278884887695e-01
3.076547384262084961e-01
3.047950863838195801e-01
3.015460371971130371e-01
2.985792160034179688e-01
2.944633662700653076e-01
2.895888984203338623e-01
2.849095463752746582e-01
2.789597511291503906e-01
2.730930149555206299e-01
2.681142091751098633e-01
2.628676891326904297e-01
2.573326230049133301e-01
2.511921525001525879e-01
2.459064126014709473e-01
2.413481324911117554e-01
2.362079322338104248e-01
2.325992286205291748e-01
2.297368645668029785e-01
2.273116707801818848e-01
2.255645096302032471e-01
2.242983132600784302e-01
2.243091762065887451e-01
2.240358889102935791e-01
2.245261669158935547e-01
2.252307981252670288e-01
2.260309457778930664e-01
2.274963557720184326e-01
2.300987392663955688e-01
2.336070686578750610e-01
2.374964207410812378e-01
2.416148930788040161e-01
2.468431890010833740e-01
2.511159181594848633e-01
2.552555799484252930e-01
2.611940801143646240e-01
2.670879960060119629e-01
2.726263403892517090e-01
2.784060835838317871e-01
2.829522788524627686e-01
2.874604165554046631e-01
2.924922108650207520e-01
2.963357865810394287e-01
3.000704050064086914e-01
3.037480115890502930e-01
3.064860403537750244e-01
3.090916872024536133e-01
3.115357458591461182e-01
3.095183968544006348e-01
3.077596724033355713e-01
3.045151531696319580e-01
3.015703856945037842e-01
2.983992099761962891e-01
2.946605682373046875e-01
2.903484702110290527e-01
2.859400510787963867e-01
2.804964184761047363e-01
2.754310667514801025e-01
2.704123854637145996e-01
2.657454311847686768e-01
2.605811357498168945e-01
2.549940943717956543e-01
2.500592172145843506e-01
2.453825026750564575e-01
2.418494522571563721e-01
2.382618188858032227e-01
2.349303066730499268e-01
2.323551774024963379e-01
2.299193292856216431e-01
2.285981923341751099e-01
2.283162027597427368e-01
2.279135882854461670e-01
2.283430397510528564e-01
2.283663600683212280e-01
2.291739284992218018e-01
2.311415374279022217e-01
2.340012341737747192e-01
2.376480400562286377e-01
2.408777475357055664e-01
2.453985810279846191e-01
2.502583861351013184e-01
2.544638812541961670e-01
2.584257125854492188e-01
2.640814781188964844e-01
2.692052721977233887e-01
2.742458283901214600e-01
2.796598970890045166e-01
2.836668491363525391e-01
2.882949113845825195e-01
2.930484712123870850e-01
2.964820265769958496e-01
3.001192510128021240e-01
3.039375543594360352e-01
3.064356446266174316e-01
3.088830113410949707e-01
